=== 2015 ===
Day 1 - [6,10,13,20,44,[15]]
Day 2 - [2,3,25,41,43,[19]]
Day 3 - [1,10,19,29,34,[1]]
Day 4 - [4,6,33,43,44,[13]]
Day 5 - [1,7,25,37,41,[20]]
Day 6 - [3,5,14,21,41,[5]]
Day 7 - [14,15,26,32,43,[15]]
Day 8 - [4,10,20,31,35,[14]]
=== 2016 ===
Day 9 - [3,9,26,29,41,[16]]
Day 10 - [5,7,23,26,35,[3]]
Day 11 - [8,11,41,42,43,[19]]
Day 12 - [3,5,9,38,39,[7]]
Day 13 - [3,12,16,29,43,[18]]
Day 14 - [6,10,31,38,44,[4]]
Day 15 - [21,23,29,34,42,[20]]
Day 16 - [3,5,19,29,32,[19]]
Day 17 - [7,17,20,26,43,[17]]
Day 18 - [25,26,35,42,44,[4]]
Day 19 - [2,7,29,37,45,[3]]
Day 20 - [12,15,42,44,45,[11]]
Day 21 - [13,23,24,42,44,[7]]
Day 22 - [6,11,23,33,34,[11]]
Day 23 - [6,22,28,31,41,[19]]
Day 24 - [1,3,7,27,41,[2]]
Day 25 - [2,8,28,39,41,[3]]
Day 26 - [7,17,24,40,41,[9]]
Day 27 - [15,18,24,30,39,[16]]
Day 28 - [14,25,32,37,41,[19]]
Day 29 - [10,16,19,25,40,[10]]
Day 30 - [20,34,38,39,43,[17]]
Day 31 - [1,17,30,34,37,[20]]
Day 32 - [6,19,28,34,42,[9]]
Day 33 - [1,6,11,30,42,[11]]
Day 34 - [6,8,23,29,45,[2]]
Day 35 - [6,27,33,41,45,[6]]
Day 36 - [2,4,17,26,45,[16]]
Day 37 - [13,21,31,34,39,[6]]
Day 38 - [5,23,34,38,45,[10]]
Day 39 - [12,17,28,30,37,[5]]
Day 40 - [1,11,25,26,37,[20]]
Day 41 - [10,20,26,30,32,[6]]
Day 42 - [1,6,8,42,45,[8]]
Day 43 - [3,25,31,36,45,[20]]
Day 44 - [5,12,16,17,23,[1]]
Day 45 - [7,11,13,34,42,[16]]
Day 46 - [4,24,37,39,43,[18]]
Day 47 - [18,22,28,29,31,[4]]
Day 48 - [4,15,29,38,45,[7]]
Day 49 - [2,10,25,26,45,[18]]
Day 50 - [7,24,26,38,41,[8]]
Day 51 - [3,11,21,22,27,[17]]
Day 52 - [9,10,16,20,44,[13]]
Day 53 - [1,2,14,20,29,[13]]
Day 54 - [10,23,39,43,45,[18]]
Day 55 - [4,7,17,40,43,[1]]
Day 56 - [2,6,22,27,28,[13]]
Day 57 - [3,18,21,32,43,[9]]
Day 58 - [16,20,33,34,41,[2]]
Day 59 - [26,30,34,41,44,[11]]
Day 60 - [23,25,35,37,41,[11]]
Day 61 - [17,25,29,40,45,[6]]
Day 62 - [1,12,13,21,42,[16]]
Day 63 - [1,12,18,19,42,[17]]
Day 64 - [5,21,31,33,41,[10]]
Day 65 - [5,6,16,30,40,[5]]
Day 66 - [3,26,28,40,44,[7]]
Day 67 - [6,10,29,35,42,[10]]
Day 68 - [1,9,21,30,35,[8]]
Day 69 - [10,14,27,28,45,[2]]
Day 70 - [3,12,20,26,39,[1]]
Day 71 - [24,27,28,37,41,[17]]
Day 72 - [4,5,16,38,41,[17]]
Day 73 - [7,13,16,38,40,[19]]
Day 74 - [8,12,26,33,37,[11]]
Day 75 - [2,3,23,28,33,[18]]
Day 76 - [5,9,16,32,37,[11]]
Day 77 - [1,5,10,38,42,[20]]
Day 78 - [9,17,19,29,35,[19]]
Day 79 - [3,15,26,33,40,[5]]
Day 80 - [7,8,22,34,36,[13]]
Day 81 - [21,22,24,38,39,[2]]
Day 82 - [4,9,19,27,34,[12]]
Day 83 - [5,10,18,19,43,[7]]
Day 84 - [3,7,21,37,41,[9]]
Day 85 - [1,3,5,31,34,[12]]
Day 86 - [1,11,32,37,40,[4]]
Day 87 - [18,21,30,34,39,[6]]
Day 88 - [7,34,37,42,45,[3]]
Day 89 - [4,21,27,30,43,[19]]
Day 90 - [6,12,30,35,45,[1]]
Day 91 - [25,32,33,36,40,[11]]
Day 92 - [6,9,24,28,43,[14]]
Day 93 - [9,17,20,22,23,[4]]
Day 94 - [5,8,17,37,42,[15]]
Day 95 - [4,30,35,38,45,[18]]
Day 96 - [12,17,19,38,42,[12]]
Day 97 - [4,11,13,31,43,[3]]
Day 98 - [5,14,27,39,40,[19]]
Day 99 - [10,14,22,24,31,[12]]
Day 100 - [8,12,14,30,36,[19]]
Day 101 - [7,13,29,32,34,[14]]
Day 102 - [6,7,17,27,43,[6]]
Day 103 - [10,16,29,33,36,[17]]
Day 104 - [3,9,12,20,37,[7]]
Day 105 - [5,24,25,28,45,[19]]
Day 106 - [2,4,5,8,23,[12]]
Day 107 - [7,17,20,24,43,[3]]
Day 108 - [1,3,23,24,27,[1]]
Day 109 - [18,23,26,34,43,[9]]
Day 110 - [3,22,37,38,42,[19]]
Day 111 - [10,13,16,29,45,[16]]
Day 112 - [9,18,20,32,38,[4]]
=== 2017 ===
Day 113 - [1,9,24,30,34,[15]]
Day 114 - [1,4,13,36,44,[5]]
Day 115 - [9,11,13,20,31,[20]]
Day 116 - [9,11,20,33,43,[5]]
Day 117 - [4,17,25,34,43,[6]]
Day 118 - [2,7,8,17,23,[11]]
Day 119 - [17,19,27,31,45,[13]]
Day 120 - [9,27,28,31,34,[9]]
Day 121 - [1,6,20,35,39,[19]]
Day 122 - [25,26,28,30,38,[19]]
Day 123 - [5,27,30,33,41,[20]]
Day 124 - [12,15,16,33,41,[16]]
Day 125 - [10,13,17,39,43,[20]]
Day 126 - [12,24,27,36,44,[1]]
Day 127 - [5,9,27,29,43,[13]]
Day 128 - [5,16,23,26,33,[14]]
Day 129 - [4,11,13,34,38,[16]]
Day 130 - [4,11,23,27,29,[12]]
Day 131 - [1,3,23,27,33,[17]]
Day 132 - [11,19,29,30,31,[10]]
Day 133 - [11,25,33,37,41,[1]]
Day 134 - [6,10,11,13,17,[11]]
Day 135 - [5,7,15,17,27,[17]]
Day 136 - [17,25,29,36,41,[14]]
Day 137 - [4,5,21,22,29,[16]]
Day 138 - [9,13,34,39,42,[8]]
Day 139 - [11,30,32,40,42,[20]]
Day 140 - [23,29,30,31,33,[20]]
Day 141 - [15,33,35,44,45,[18]]
Day 142 - [5,7,15,20,43,[1]]
Day 143 - [6,17,34,35,41,[17]]
Day 144 - [1,19,29,38,41,[12]]
Day 145 - [8,24,26,27,33,[16]]
Day 146 - [13,20,21,41,45,[6]]
Day 147 - [3,4,8,17,28,[19]]
Day 148 - [5,9,19,39,40,[14]]
Day 149 - [8,20,34,36,44,[11]]
Day 150 - [6,25,26,32,43,[20]]
Day 151 - [8,9,28,36,38,[7]]
Day 152 - [3,24,34,35,44,[14]]
Day 153 - [19,22,23,25,43,[14]]
Day 154 - [7,12,20,21,28,[13]]
Day 155 - [7,26,33,43,45,[18]]
Day 156 - [9,19,25,28,40,[10]]
Day 157 - [5,15,30,38,44,[6]]
Day 158 - [4,18,19,27,31,[19]]
Day 159 - [6,15,32,33,40,[6]]
Day 160 - [31,34,40,42,44,[14]]
Day 161 - [2,9,15,16,17,[14]]
Day 162 - [7,11,29,37,40,[17]]
Day 163 - [1,27,28,35,42,[10]]
Day 164 - [1,2,7,22,31,[15]]
Day 165 - [18,22,30,34,35,[2]]
Day 166 - [1,4,5,24,35,[20]]
Day 167 - [9,10,13,27,36,[17]]
Day 168 - [11,25,26,41,43,[8]]
Day 169 - [22,25,30,31,36,[14]]
Day 170 - [11,16,20,22,38,[3]]
Day 171 - [11,14,31,33,34,[6]]
Day 172 - [6,18,23,33,34,[4]]
Day 173 - [12,21,27,33,40,[9]]
Day 174 - [3,22,38,43,45,[15]]
Day 175 - [9,13,26,28,34,[5]]
Day 176 - [3,17,23,36,43,[16]]
Day 177 - [15,24,29,30,43,[4]]
Day 178 - [11,14,20,27,38,[4]]
Day 179 - [10,12,23,29,35,[18]]
Day 180 - [13,20,24,34,45,[10]]
Day 181 - [4,10,14,32,37,[20]]
Day 182 - [28,32,34,37,39,[11]]
Day 183 - [7,9,20,24,36,[2]]
Day 184 - [4,22,23,27,35,[10]]
Day 185 - [5,16,21,26,34,[18]]
Day 186 - [15,21,30,38,42,[12]]
Day 187 - [6,14,35,39,41,[15]]
Day 188 - [3,8,12,19,41,[10]]
Day 189 - [15,21,30,33,40,[16]]
Day 190 - [18,22,28,36,39,[5]]
Day 191 - [9,15,26,41,45,[12]]
Day 192 - [7,11,16,19,32,[5]]
Day 193 - [6,22,27,29,32,[2]]
Day 194 - [16,19,20,29,35,[13]]
Day 195 - [9,22,25,40,45,[9]]
Day 196 - [1,6,22,27,42,[19]]
Day 197 - [1,4,6,19,27,[14]]
Day 198 - [4,22,31,35,38,[15]]
Day 199 - [1,9,13,20,24,[16]]
Day 200 - [1,12,15,34,37,[16]]
Day 201 - [11,12,15,16,30,[12]]
Day 202 - [9,13,26,38,43,[3]]
Day 203 - [9,15,24,26,31,[2]]
Day 204 - [2,17,26,27,29,[13]]
Day 205 - [9,10,25,32,37,[5]]
Day 206 - [25,30,33,36,45,[17]]
Day 207 - [19,24,25,32,44,[19]]
Day 208 - [20,23,37,39,43,[9]]
Day 209 - [9,10,18,23,27,[2]]
Day 210 - [10,12,17,20,41,[17]]
Day 211 - [12,22,31,33,40,[1]]
Day 212 - [15,23,27,34,39,[13]]
Day 213 - [13,15,25,31,35,[8]]
Day 214 - [5,11,13,25,34,[14]]
Day 215 - [4,6,18,24,29,[18]]
Day 216 - [1,2,12,36,45,[4]]
=== 2018 ===
Day 217 - [6,9,26,27,42,[8]]
Day 218 - [13,19,22,30,43,[7]]
Day 219 - [19,23,24,32,35,[13]]
Day 220 - [4,14,33,37,39,[14]]
Day 221 - [7,12,13,28,42,[3]]
Day 222 - [2,6,20,25,44,[11]]
Day 223 - [9,10,16,35,44,[13]]
Day 224 - [3,13,27,34,35,[17]]
Day 225 - [2,16,23,31,35,[10]]
Day 226 - [10,14,30,43,45,[8]]
Day 227 - [7,13,21,26,37,[12]]
Day 228 - [9,20,21,22,30,[17]]
Day 229 - [20,23,27,37,44,[16]]
Day 230 - [8,11,12,19,33,[13]]
Day 231 - [8,15,27,28,43,[15]]
Day 232 - [4,23,25,29,35,[4]]
Day 233 - [7,15,30,31,36,[2]]
Day 234 - [1,7,29,34,41,[20]]
Day 235 - [6,11,12,19,32,[20]]
Day 236 - [8,18,19,22,26,[5]]
Day 237 - [17,22,23,25,45,[17]]
Day 238 - [9,14,16,26,29,[15]]
Day 239 - [12,19,22,40,45,[8]]
Day 240 - [14,22,31,37,44,[4]]
Day 241 - [8,26,30,42,44,[9]]
Day 242 - [16,21,26,28,35,[12]]
Day 243 - [21,22,32,40,44,[6]]
Day 244 - [7,12,33,41,43,[8]]
Day 245 - [12,22,26,42,43,[10]]
Day 246 - [5,16,19,34,36,[8]]
Day 247 - [12,21,23,31,32,[11]]
Day 248 - [7,11,16,21,42,[6]]
Day 249 - [2,11,23,24,33,[18]]
Day 250 - [4,6,13,27,44,[4]]
Day 251 - [2,6,14,29,30,[5]]
Day 252 - [4,31,32,36,44,[15]]
Day 253 - [4,13,24,38,39,[11]]
Day 254 - [20,23,30,31,43,[17]]
Day 255 - [28,32,33,37,45,[11]]
Day 256 - [7,8,18,29,44,[5]]
Day 257 - [2,18,35,40,41,[12]]
Day 258 - [2,12,25,29,37,[19]]
Day 259 - [8,17,23,28,41,[9]]
Day 260 - [4,16,21,29,30,[11]]
Day 261 - [5,7,13,19,44,[16]]
Day 262 - [9,11,12,13,37,[4]]
Day 263 - [2,5,23,30,33,[11]]
Day 264 - [3,18,22,29,41,[17]]
Day 265 - [17,23,39,43,50,[19]]
Day 266 - [9,33,38,42,44,[12]]
Day 267 - [11,23,25,43,49,[12]]
Day 268 - [11,14,29,32,36,[18]]
Day 269 - [20,28,29,30,39,[9]]
Day 270 - [18,21,22,38,48,[8]]
Day 271 - [10,14,18,33,40,[12]]
Day 272 - [14,23,38,41,47,[3]]
Day 273 - [12,28,31,35,41,[1]]
Day 274 - [1,19,21,25,32,[4]]
Day 275 - [6,17,26,41,50,[16]]
Day 276 - [2,11,13,15,39,[2]]
Day 277 - [12,40,42,44,45,[14]]
Day 278 - [1,18,24,40,48,[19]]
Day 279 - [8,14,27,35,40,[2]]
Day 280 - [10,14,28,30,39,[6]]
Day 281 - [6,23,38,43,47,[17]]
Day 282 - [6,8,22,35,42,[19]]
Day 283 - [10,20,31,32,36,[17]]
Day 284 - [10,16,31,32,33,[18]]
Day 285 - [14,17,19,35,46,[2]]
Day 286 - [4,5,7,35,50,[6]]
Day 287 - [6,22,23,44,48,[11]]
Day 288 - [4,9,24,27,34,[17]]
Day 289 - [2,10,36,48,50,[11]]
Day 290 - [5,40,45,49,50,[17]]
Day 291 - [3,12,26,33,37,[16]]
Day 292 - [33,36,40,44,50,[19]]
Day 293 - [15,16,20,41,43,[12]]
Day 294 - [2,24,31,45,46,[10]]
Day 295 - [20,22,26,32,41,[15]]
Day 296 - [11,24,29,45,49,[11]]
Day 297 - [1,23,37,44,48,[18]]
Day 298 - [12,13,15,21,22,[3]]
Day 299 - [5,9,19,36,43,[14]]
Day 300 - [8,17,22,43,48,[4]]
Day 301 - [13,14,28,47,48,[5]]
Day 302 - [18,29,36,41,45,[1]]
Day 303 - [22,28,31,36,40,[14]]
Day 304 - [11,28,39,40,45,[16]]
Day 305 - [1,5,19,25,46,[7]]
Day 306 - [15,19,22,41,43,[11]]
Day 307 - [9,16,20,26,41,[15]]
Day 308 - [1,23,37,43,46,[11]]
Day 309 - [23,35,39,40,44,[8]]
Day 310 - [4,9,35,43,45,[5]]
Day 311 - [4,12,22,41,46,[5]]
Day 312 - [4,13,14,26,35,[3]]
Day 313 - [7,10,13,39,45,[5]]
Day 314 - [3,16,26,33,43,[6]]
Day 315 - [3,8,12,24,28,[10]]
Day 316 - [7,30,33,42,49,[19]]
Day 317 - [1,11,16,22,48,[13]]
Day 318 - [21,36,37,39,44,[13]]
Day 319 - [27,36,37,43,45,[12]]
Day 320 - [10,24,30,45,48,[16]]
=== 2019 ===
Day 321 - [6,25,29,32,48,[18]]
Day 322 - [24,27,34,44,45,[18]]
Day 323 - [17,25,31,38,39,[7]]
Day 324 - [2,3,12,14,20,[1]]
Day 325 - [2,3,15,20,49,[20]]
Day 326 - [12,14,26,28,45,[3]]
Day 327 - [17,28,40,42,45,[16]]
Day 328 - [10,20,23,26,45,[3]]
Day 329 - [13,24,28,35,37,[9]]
Day 330 - [7,30,34,41,45,[7]]
Day 331 - [4,7,13,33,35,[19]]
Day 332 - [4,6,21,24,47,[8]]
Day 333 - [14,16,19,31,34,[7]]
Day 334 - [7,13,19,27,36,[13]]
Day 335 - [14,16,32,38,50,[19]]
Day 336 - [1,20,24,34,46,[17]]
Day 337 - [5,15,26,44,47,[12]]
Day 338 - [5,24,30,33,34,[6]]
Day 339 - [5,8,20,30,41,[2]]
Day 340 - [16,29,34,38,47,[10]]
Day 341 - [18,21,24,26,36,[14]]
Day 342 - [17,22,42,46,50,[1]]
Day 343 - [8,15,21,22,35,[5]]
Day 344 - [5,8,25,31,36,[4]]
Day 345 - [16,19,38,40,50,[5]]
Day 346 - [3,13,14,30,45,[2]]
Day 347 - [5,11,21,24,45,[1]]
Day 348 - [2,11,17,19,40,[11]]
Day 349 - [10,28,34,37,48,[8]]
Day 350 - [1,31,35,44,49,[2]]
Day 351 - [1,18,33,46,48,[6]]
Day 352 - [1,8,35,38,40,[7]]
Day 353 - [3,23,25,38,44,[9]]
Day 354 - [6,19,45,47,50,[1]]
Day 355 - [15,19,21,36,49,[6]]
Day 356 - [13,25,27,33,37,[16]]
Day 357 - [6,15,20,21,35,[6]]
Day 358 - [1,7,15,19,47,[10]]
Day 359 - [8,12,16,24,50,[8]]
Day 360 - [2,3,7,10,29,[10]]
Day 361 - [7,21,33,38,41,[19]]
Day 362 - [5,9,24,29,39,[19]]
Day 363 - [15,18,31,32,45,[18]]
Day 364 - [4,18,25,28,47,[11]]
Day 365 - [21,28,33,36,39,[4]]
Day 366 - [19,21,23,36,50,[6]]
Day 367 - [7,8,29,47,48,[14]]
Day 368 - [5,20,37,42,47,[5]]
Day 369 - [18,25,38,39,41,[4]]
Day 370 - [19,24,30,34,46,[15]]
Day 371 - [9,11,27,42,46,[13]]
Day 372 - [31,36,40,45,50,[10]]
Day 373 - [11,15,19,25,28,[4]]
Day 374 - [7,11,13,18,37,[17]]
Day 375 - [2,10,22,36,38,[19]]
Day 376 - [2,14,15,22,45,[2]]
Day 377 - [1,19,34,48,50,[13]]
Day 378 - [7,22,34,44,49,[12]]
Day 379 - [2,20,23,25,46,[8]]
Day 380 - [8,38,40,48,49,[8]]
Day 381 - [6,10,16,40,45,[13]]
Day 382 - [8,15,17,28,40,[12]]
Day 383 - [5,14,28,29,40,[18]]
Day 384 - [1,16,18,28,37,[11]]
Day 385 - [6,9,11,35,45,[11]]
Day 386 - [18,25,29,41,44,[2]]
Day 387 - [3,19,23,28,41,[15]]
Day 388 - [19,20,21,37,42,[5]]
Day 389 - [3,8,10,26,42,[17]]
Day 390 - [9,10,14,19,28,[2]]
Day 391 - [2,9,14,29,30,[8]]
Day 392 - [2,4,14,35,43,[14]]
Day 393 - [2,14,20,31,38,[2]]
Day 394 - [3,13,27,32,35,[14]]
Day 395 - [22,29,33,38,45,[5]]
Day 396 - [11,23,24,25,44,[13]]
Day 397 - [9,15,20,28,37,[20]]
Day 398 - [14,30,35,40,41,[6]]
Day 399 - [11,16,17,24,50,[2]]
Day 400 - [18,37,38,46,48,[1]]
Day 401 - [19,28,33,42,46,[4]]
Day 402 - [18,24,37,39,44,[10]]
Day 403 - [2,3,29,34,46,[2]]
Day 404 - [7,9,11,23,28,[4]]
Day 405 - [29,31,33,37,46,[15]]
Day 406 - [3,6,23,29,47,[19]]
Day 407 - [12,14,26,28,45,[7]]
Day 408 - [4,26,30,32,36,[7]]
Day 409 - [16,21,31,36,39,[7]]
Day 410 - [1,13,19,37,42,[18]]
Day 411 - [3,25,36,42,44,[15]]
Day 412 - [18,21,25,29,34,[3]]
Day 413 - [31,32,39,45,47,[16]]
Day 414 - [3,14,15,27,32,[12]]
Day 415 - [5,12,17,31,34,[16]]
Day 416 - [17,27,30,34,37,[20]]
Day 417 - [12,24,43,46,49,[12]]
Day 418 - [14,19,34,44,49,[4]]
Day 419 - [14,16,19,27,30,[5]]
Day 420 - [4,10,13,21,27,[19]]
Day 421 - [13,18,21,35,36,[16]]
Day 422 - [7,9,27,35,46,[12]]
Day 423 - [4,21,22,42,50,[7]]
Day 424 - [22,27,33,43,46,[18]]
Day 425 - [1,9,17,26,35,[3]]
=== 2020 ===
Day 426 - [1,4,6,31,34,[5]]
Day 427 - [4,17,29,34,39,[1]]
Day 428 - [7,8,9,27,44,[1]]
Day 429 - [5,6,12,15,17,[17]]
Day 430 - [4,13,19,21,24,[4]]
Day 431 - [14,30,33,46,49,[19]]
Day 432 - [7,21,33,37,48,[14]]
Day 433 - [1,4,19,29,33,[20]]
Day 434 - [1,3,8,16,30,[18]]
Day 435 - [17,18,23,28,45,[13]]
Day 436 - [13,20,40,41,45,[17]]
Day 437 - [7,12,15,18,45,[17]]
Day 438 - [2,3,9,10,33,[12]]
Day 439 - [14,20,27,45,47,[14]]
Day 440 - [1,8,13,25,43,[6]]
Day 441 - [1,16,38,47,48,[4]]
Day 442 - [5,17,19,24,26,[16]]
Day 443 - [13,25,33,39,44,[17]]
Day 444 - [2,16,19,36,50,[15]]
Day 445 - [2,3,15,32,36,[5]]
Day 446 - [2,13,35,44,50,[4]]
Day 447 - [11,20,22,25,50,[16]]
Day 448 - [1,18,27,36,37,[5]]
Day 449 - [6,12,24,34,45,[12]]
Day 450 - [2,16,28,36,39,[16]]
Day 451 - [5,35,37,42,50,[20]]
Day 452 - [8,19,21,29,50,[13]]
Day 453 - [11,12,21,41,45,[19]]
Day 454 - [10,13,22,27,41,[4]]
Day 455 - [3,4,25,31,46,[8]]
Day 456 - [8,9,16,45,49,[18]]
Day 457 - [13,19,36,37,43,[9]]
Day 458 - [3,12,22,24,28,[19]]
Day 459 - [9,18,37,39,48,[4]]
Day 460 - [8,17,18,34,44,[9]]
Day 461 - [2,12,18,32,33,[2]]
Day 462 - [3,16,34,37,44,[9]]
Day 463 - [5,6,8,28,50,[18]]
Day 464 - [2,12,43,44,45,[13]]
Day 465 - [8,17,25,29,31,[1]]
Day 466 - [18,26,27,35,36,[9]]
Day 467 - [5,6,26,29,49,[10]]
Day 468 - [4,9,24,32,34,[5]]
Day 469 - [2,3,5,11,42,[2]]
Day 470 - [3,7,26,29,48,[14]]
Day 471 - [21,22,25,31,42,[20]]
Day 472 - [3,20,22,41,45,[1]]
Day 473 - [4,11,18,22,46,[10]]
Day 474 - [1,3,9,18,40,[19]]
Day 475 - [10,13,24,32,35,[20]]
Day 476 - [7,15,20,22,39,[8]]
Day 477 - [6,27,28,38,45,[3]]
Day 478 - [4,13,15,22,29,[7]]
Day 479 - [4,5,10,47,50,[16]]
Day 480 - [7,13,23,37,39,[7]]
Day 481 - [6,11,25,39,48,[3]]
Day 482 - [1,20,28,29,35,[6]]
Day 483 - [4,5,30,32,48,[1]]
Day 484 - [7,10,18,23,45,[13]]
Day 485 - [9,12,13,45,48,[2]]
Day 486 - [5,8,9,24,29,[12]]
Day 487 - [5,13,21,31,33,[14]]
Day 488 - [14,15,22,23,29,[11]]
Day 489 - [1,13,20,28,45,[11]]
Day 490 - [3,7,15,23,33,[17]]
Day 491 - [1,15,25,35,49,[7]]
Day 492 - [2,9,18,25,43,[2]]
Day 493 - [2,11,25,28,42,[3]]
Day 494 - [9,11,14,22,27,[4]]
Day 495 - [1,14,31,33,45,[11]]
Day 496 - [8,9,11,30,45,[1]]
Day 497 - [22,24,29,33,40,[10]]
Day 498 - [7,12,24,25,34,[9]]
Day 499 - [1,12,19,27,28,[1]]
Day 500 - [14,40,41,45,47,[7]]
Day 501 - [2,8,12,37,47,[15]]
Day 502 - [12,22,26,46,49,[4]]
Day 503 - [1,5,16,17,37,[5]]
Day 504 - [7,14,25,32,42,[15]]
Day 505 - [14,16,17,41,46,[9]]
Day 506 - [9,11,32,36,46,[18]]
Day 507 - [13,17,22,33,41,[5]]
Day 508 - [22,31,40,47,48,[15]]
Day 509 - [16,18,30,31,37,[17]]
Day 510 - [1,13,24,27,38,[1]]
Day 511 - [6,12,17,31,43,[12]]
Day 512 - [16,26,34,41,42,[10]]
Day 513 - [14,16,26,27,45,[5]]
Day 514 - [4,15,16,40,46,[9]]
Day 515 - [17,20,28,41,49,[11]]
Day 516 - [4,8,20,35,48,[9]]
Day 517 - [8,9,13,48,50,[2]]
Day 518 - [17,27,32,46,49,[12]]
Day 519 - [6,8,18,37,42,[20]]
Day 520 - [11,17,29,47,49,[2]]
Day 521 - [19,27,30,34,37,[18]]
Day 522 - [21,22,28,43,48,[12]]
Day 523 - [5,14,21,30,36,[8]]
Day 524 - [2,6,13,21,34,[14]]
Day 525 - [6,7,18,37,47,[9]]
Day 526 - [1,8,21,24,32,[6]]
Day 527 - [1,16,27,30,43,[16]]
Day 528 - [20,27,38,40,43,[6]]
=== 2021 ===
Day 529 - [1,21,33,36,45,[11]]
Day 530 - [2,10,19,35,45,[5]]
Day 531 - [19,20,23,32,33,[2]]
Day 532 - [14,21,30,36,50,[12]]
Day 533 - [6,9,18,19,29,[10]]
Day 534 - [6,32,35,43,45,[15]]
Day 535 - [1,7,16,20,27,[20]]
Day 536 - [3,10,20,27,39,[20]]
Day 537 - [11,12,14,46,50,[3]]
Day 538 - [1,8,10,33,40,[5]]
Day 539 - [1,5,9,25,44,[9]]
Day 540 - [2,25,30,38,46,[19]]
Day 541 - [2,31,39,43,49,[3]]
Day 542 - [13,16,31,41,50,[10]]
Day 543 - [15,19,32,38,41,[3]]
Day 544 - [6,9,19,20,26,[10]]
Day 545 - [13,16,29,32,49,[13]]
Day 546 - [5,6,25,42,49,[5]]
Day 547 - [10,12,21,27,43,[15]]
Day 548 - [7,9,35,37,42,[2]]
Day 549 - [6,15,27,29,47,[16]]
Day 550 - [14,35,38,45,46,[5]]
Day 551 - [7,9,26,44,48,[4]]
Day 552 - [5,6,16,30,46,[10]]
Day 553 - [6,24,27,28,31,[17]]
Day 554 - [1,4,13,30,50,[14]]
Day 555 - [7,10,34,37,42,[6]]
Day 556 - [16,18,27,30,50,[3]]
Day 557 - [2,7,10,23,39,[3]]
Day 558 - [14,27,30,38,48,[16]]
Day 559 - [14,19,21,39,42,[4]]
Day 560 - [16,26,30,33,42,[13]]
Day 561 - [4,15,48,49,50,[9]]
Day 562 - [1,15,24,30,42,[17]]
Day 563 - [4,6,8,9,49,[18]]
Day 564 - [2,7,11,14,38,[2]]
Day 565 - [1,8,13,39,44,[5]]
Day 566 - [5,8,22,26,44,[3]]
Day 567 - [2,4,12,17,34,[2]]
Day 568 - [8,9,13,30,36,[13]]
Day 569 - [6,11,15,39,49,[8]]
Day 570 - [5,10,17,23,47,[3]]
Day 571 - [12,18,20,31,34,[3]]
Day 572 - [3,6,14,19,46,[8]]
Day 573 - [3,7,25,26,48,[14]]
Day 574 - [14,26,38,47,49,[8]]
Day 575 - [11,14,25,33,39,[18]]
Day 576 - [13,16,21,39,48,[2]]
Day 577 - [20,21,25,31,48,[2]]
Day 578 - [7,22,29,39,49,[4]]
Day 579 - [1,3,7,11,35,[10]]
Day 580 - [7,10,12,23,36,[20]]
Day 581 - [3,6,8,20,48,[2]]
Day 582 - [8,9,11,39,45,[10]]
Day 583 - [5,14,25,26,44,[8]]
Day 584 - [7,21,31,34,45,[17]]
Day 585 - [18,23,29,41,42,[13]]
Day 586 - [6,11,13,16,49,[14]]
Day 587 - [8,21,23,33,34,[19]]
Day 588 - [1,12,36,38,41,[7]]
Day 589 - [17,24,40,44,50,[7]]
Day 590 - [7,14,20,34,44,[11]]
Day 591 - [5,8,21,27,30,[10]]
Day 592 - [3,12,17,37,38,[17]]
Day 593 - [27,29,36,37,50,[12]]
Day 594 - [3,9,29,44,48,[20]]
Day 595 - [3,6,7,17,26,[13]]
Day 596 - [5,10,17,19,43,[16]]
Day 597 - [20,30,31,41,49,[11]]
Day 598 - [9,16,19,29,46,[18]]
Day 599 - [5,8,40,45,47,[15]]
Day 600 - [9,13,36,43,49,[10]]
Day 601 - [12,19,21,28,43,[5]]
Day 602 - [8,13,26,36,43,[5]]
Day 603 - [15,20,30,49,50,[5]]
Day 604 - [6,10,14,21,29,[11]]
Day 605 - [5,6,17,18,21,[6]]
Day 606 - [17,18,28,35,48,[10]]
Day 607 - [16,31,33,42,48,[20]]
Day 608 - [5,11,30,36,50,[18]]
Day 609 - [7,17,20,25,29,[16]]
Day 610 - [4,10,14,29,48,[10]]
Day 611 - [4,24,38,43,46,[17]]
Day 612 - [8,12,26,41,42,[20]]
Day 613 - [1,8,11,27,29,[3]]
Day 614 - [5,12,19,21,31,[3]]
Day 615 - [3,11,32,33,50,[15]]
Day 616 - [2,25,26,34,42,[1]]
Day 617 - [2,5,14,23,42,[11]]
Day 618 - [7,25,33,35,39,[5]]
Day 619 - [15,21,22,43,45,[17]]
Day 620 - [29,32,33,45,47,[15]]
Day 621 - [4,16,21,40,45,[3]]
Day 622 - [15,16,21,22,25,[3]]
Day 623 - [20,36,37,44,48,[16]]
Day 624 - [11,20,24,29,31,[7]]
Day 625 - [5,18,26,35,39,[2]]
Day 626 - [7,13,44,46,49,[2]]
Day 627 - [6,14,20,30,33,[19]]
Day 628 - [15,16,26,29,50,[4]]
Day 629 - [4,5,37,40,49,[2]]
Day 630 - [7,8,19,44,50,[11]]
Day 631 - [16,20,25,39,49,[6]]
Day 632 - [10,11,20,38,45,[9]]
Day 633 - [11,19,24,31,47,[11]]
=== 2022 ===
Day 634 - [10,27,33,35,47,[6]]
Day 635 - [3,7,13,20,48,[20]]
Day 636 - [2,4,9,18,28,[1]]
Day 637 - [6,25,26,32,44,[9]]
Day 638 - [6,12,19,30,48,[4]]
Day 639 - [3,24,41,43,50,[13]]
Day 640 - [10,21,30,39,46,[7]]
Day 641 - [22,44,47,48,49,[10]]
Day 642 - [6,12,29,44,49,[16]]
Day 643 - [7,21,33,34,36,[9]]
Day 644 - [12,16,40,42,43,[8]]
Day 645 - [21,22,24,35,43,[15]]
Day 646 - [2,11,17,22,38,[9]]
Day 647 - [14,24,29,46,48,[20]]
Day 648 - [22,33,36,42,43,[4]]
Day 649 - [4,7,19,31,46,[1]]
Day 650 - [5,7,22,38,48,[12]]
Day 651 - [4,17,18,27,45,[9]]
Day 652 - [6,21,27,34,42,[12]]
Day 653 - [20,23,27,46,48,[6]]
Day 654 - [8,15,16,35,49,[18]]
Day 655 - [9,14,24,32,42,[1]]
Day 656 - [11,14,27,43,46,[3]]
Day 657 - [4,26,29,30,40,[10]]
Day 658 - [9,12,27,37,46,[9]]
Day 659 - [4,17,18,40,42,[16]]
Day 660 - [15,22,33,42,43,[15]]
Day 661 - [16,18,26,29,43,[16]]
Day 662 - [5,20,37,38,47,[10]]
Day 663 - [9,17,22,39,42,[8]]
Day 664 - [9,24,36,38,41,[2]]
Day 665 - [4,21,36,45,46,[7]]
Day 666 - [2,6,25,26,44,[20]]
Day 667 - [2,6,18,31,50,[18]]
Day 668 - [21,34,38,40,42,[16]]
Day 669 - [3,5,8,11,35,[15]]
Day 670 - [11,16,27,45,47,[1]]
Day 671 - [1,2,11,20,38,[8]]
Day 672 - [15,16,32,36,38,[16]]
Day 673 - [4,7,21,23,25,[7]]
Day 674 - [1,3,21,22,40,[3]]
Day 675 - [3,32,40,42,48,[10]]
Day 676 - [6,17,21,33,49,[3]]
Day 677 - [17,20,25,27,41,[6]]
Day 678 - [17,20,23,44,47,[10]]
Day 679 - [17,22,26,31,32,[18]]
Day 680 - [7,9,14,34,47,[2]]
Day 681 - [11,12,30,37,42,[10]]
Day 682 - [2,3,20,26,50,[11]]
Day 683 - [6,22,34,37,39,[8]]
Day 684 - [22,27,35,39,48,[12]]
Day 685 - [23,26,41,44,45,[20]]
Day 686 - [5,34,36,49,50,[20]]
Day 687 - [5,19,28,39,49,[14]]
Day 688 - [11,25,26,31,36,[7]]
Day 689 - [10,16,31,46,47,[13]]
Day 690 - [7,13,15,19,32,[2]]
Day 691 - [14,20,26,37,44,[16]]
Day 692 - [9,15,26,28,44,[19]]
Day 693 - [15,18,20,24,48,[5]]
Day 694 - [1,2,12,18,27,[9]]
Day 695 - [14,25,33,39,46,[11]]
Day 696 - [16,32,36,37,48,[11]]
Day 697 - [2,16,20,25,32,[13]]
Day 698 - [8,11,12,23,49,[13]]
Day 699 - [10,11,20,25,28,[15]]
Day 700 - [20,22,23,31,41,[7]]
Day 701 - [2,8,45,49,50,[11]]
Day 702 - [5,9,24,35,39,[5]]
Day 703 - [5,11,23,35,50,[12]]
Day 704 - [18,20,39,41,46,[15]]
Day 705 - [24,30,33,36,45,[19]]
Day 706 - [1,30,32,40,43,[5]]
Day 707 - [2,7,31,43,46,[17]]
Day 708 - [17,25,26,38,47,[3]]
Day 709 - [1,5,7,15,48,[6]]
Day 710 - [19,23,27,29,31,[11]]
Day 711 - [7,8,12,34,40,[1]]
Day 712 - [30,34,35,41,44,[1]]
Day 713 - [8,12,26,39,40,[17]]
Day 714 - [6,15,16,45,46,[20]]
Day 715 - [12,32,43,46,49,[7]]
Day 716 - [29,43,45,47,50,[15]]
Day 717 - [2,10,12,40,46,[17]]
Day 718 - [13,29,35,36,47,[9]]
Day 719 - [2,9,22,46,49,[18]]
Day 720 - [27,32,33,35,48,[14]]
Day 721 - [19,21,22,35,43,[5]]
Day 722 - [19,30,32,40,47,[20]]
Day 723 - [23,44,45,47,50,[1]]
Day 724 - [11,14,23,26,38,[6]]
Day 725 - [7,9,32,39,41,[19]]
Day 726 - [2,10,36,47,49,[16]]
Day 727 - [1,7,8,12,47,[7]]
Day 728 - [3,5,10,16,29,[12]]
Day 729 - [19,32,45,49,50,[8]]
Day 730 - [4,11,18,19,28,[4]]
Day 731 - [1,10,16,27,34,[18]]
Day 732 - [18,22,23,36,45,[3]]
Day 733 - [7,15,22,34,42,[20]]
Day 734 - [1,2,17,25,29,[4]]
Day 735 - [10,17,19,30,35,[4]]
Day 736 - [25,32,35,41,49,[16]]
Day 737 - [2,11,23,27,39,[12]]
=== 2023 ===
Day 738 - [2,6,20,29,32,[6]]
Day 739 - [1,15,30,39,50,[1]]
Day 740 - [6,12,25,33,42,[2]]
Day 741 - [7,8,33,41,43,[5]]
Day 742 - [5,6,27,37,41,[4]]
Day 743 - [25,34,36,47,50,[14]]
Day 744 - [14,28,39,42,46,[18]]
Day 745 - [8,15,37,46,49,[3]]
Day 746 - [20,31,34,49,50,[16]]
Day 747 - [4,9,12,27,37,[15]]
Day 748 - [11,19,20,41,47,[20]]
Day 749 - [5,14,19,24,26,[13]]
Day 750 - [12,20,36,39,50,[4]]
Day 751 - [14,22,23,36,50,[9]]
Day 752 - [3,9,14,16,41,[13]]
Day 753 - [1,6,7,28,34,[17]]
Day 754 - [10,13,25,27,30,[13]]
Day 755 - [2,5,14,18,43,[7]]
Day 756 - [3,21,29,47,48,[7]]
Day 757 - [12,33,37,47,50,[13]]
Day 758 - [8,14,41,49,50,[2]]
Day 759 - [18,23,25,26,31,[7]]
Day 760 - [35,38,40,44,46,[1]]
Day 761 - [1,11,24,39,42,[9]]
Day 762 - [26,31,32,43,46,[17]]
Day 763 - [1,4,18,26,43,[9]]
Day 764 - [16,34,37,48,49,[9]]
Day 765 - [8,9,20,34,43,[16]]
Day 766 - [4,25,29,36,42,[7]]
Day 767 - [15,18,30,36,37,[16]]
Day 768 - [1,12,30,31,37,[16]]
Day 769 - [10,20,23,42,50,[11]]
Day 770 - [10,18,22,33,49,[11]]
Day 771 - [10,12,13,15,37,[20]]
Day 772 - [3,16,18,19,44,[1]]
Day 773 - [11,21,22,41,44,[12]]
Day 774 - [4,26,37,40,45,[4]]
Day 775 - [13,15,35,36,37,[13]]
Day 776 - [1,6,35,39,43,[11]]
Day 777 - [5,9,15,28,29,[18]]
Day 778 - [3,18,19,30,33,[15]]
Day 779 - [2,12,28,33,44,[2]]
Day 780 - [4,5,27,34,42,[4]]
Day 781 - [3,11,12,28,33,[12]]
Day 782 - [6,12,25,27,34,[18]]
Day 783 - [15,30,37,39,48,[5]]
Day 784 - [23,30,33,38,49,[20]]
Day 785 - [2,3,18,32,43,[3]]
Day 786 - [4,21,26,38,40,[20]]
Day 787 - [6,12,13,27,34,[20]]
Day 788 - [20,22,25,39,45,[12]]
Day 789 - [13,21,22,35,46,[9]]
Day 790 - [5,25,30,49,50,[3]]
Day 791 - [1,28,33,34,38,[11]]
Day 792 - [5,29,39,43,45,[19]]
Day 793 - [5,17,30,44,45,[20]]
Day 794 - [6,21,25,27,50,[8]]
Day 795 - [13,20,34,36,44,[8]]
Day 796 - [4,9,10,22,44,[7]]
Day 797 - [3,22,25,31,34,[7]]
Day 798 - [2,12,30,35,44,[12]]
Day 799 - [1,4,20,23,42,[17]]
Day 800 - [3,15,20,23,44,[5]]
Day 801 - [28,39,44,48,49,[8]]
Day 802 - [4,6,12,18,28,[3]]
Day 803 - [1,11,12,33,34,[13]]
Day 804 - [8,11,24,27,50,[4]]
Day 805 - [3,12,17,19,23,[5]]
Day 806 - [9,19,21,23,28,[11]]
Day 807 - [7,14,40,45,47,[2]]
Day 808 - [12,26,36,38,48,[1]]
Day 809 - [16,17,29,39,48,[20]]
Day 810 - [1,8,10,20,42,[1]]
Day 811 - [7,35,38,40,44,[5]]
Day 812 - [1,4,14,15,19,[17]]
Day 813 - [2,3,25,40,48,[7]]
Day 814 - [21,23,24,39,43,[1]]
Day 815 - [12,30,42,43,46,[19]]
Day 816 - [12,15,35,45,48,[16]]
Day 817 - [1,6,21,35,47,[17]]
Day 818 - [15,18,19,42,49,[17]]
Day 819 - [8,34,44,48,49,[14]]
Day 820 - [25,27,29,30,39,[15]]
Day 821 - [3,12,19,42,48,[4]]
Day 822 - [1,22,23,31,32,[3]]
Day 823 - [2,3,18,33,34,[15]]
Day 824 - [1,6,15,19,46,[20]]
Day 825 - [11,19,21,32,47,[9]]
Day 826 - [8,17,24,38,46,[18]]
Day 827 - [8,11,19,30,50,[15]]
Day 828 - [3,24,26,38,48,[10]]
Day 829 - [4,6,14,22,47,[5]]
Day 830 - [4,6,20,21,46,[12]]
Day 831 - [6,17,25,30,39,[11]]
Day 832 - [1,11,12,13,34,[16]]
Day 833 - [17,20,23,24,31,[11]]
Day 834 - [6,17,33,34,49,[7]]
Day 835 - [19,22,36,43,46,[5]]
Day 836 - [5,10,25,29,46,[15]]
Day 837 - [6,15,31,41,43,[8]]
Day 838 - [4,18,26,41,47,[9]]
Day 839 - [8,16,21,24,50,[1]]
Day 840 - [13,19,24,39,45,[16]]
Day 841 - [15,16,30,36,40,[6]]
=== 2024 ===
Day 842 - [8,9,11,29,44,[20]]
Day 843 - [3,6,18,26,32,[15]]
Day 844 - [15,17,25,34,42,[1]]
Day 845 - [4,21,24,29,39,[18]]
Day 846 - [21,25,37,46,48,[17]]
Day 847 - [6,7,16,41,46,[14]]
Day 848 - [12,20,25,48,49,[20]]
Day 849 - [8,14,15,38,50,[11]]
Day 850 - [4,11,39,42,43,[16]]
Day 851 - [8,28,44,46,49,[5]]
Day 852 - [2,21,39,42,43,[11]]
Day 853 - [10,19,21,26,32,[8]]
Day 854 - [1,3,7,31,38,[3]]
Day 855 - [12,13,25,37,43,[18]]
Day 856 - [5,7,13,23,44,[11]]
Day 857 - [14,22,27,38,46,[14]]
Day 858 - [32,33,38,45,46,[14]]
Day 859 - [10,16,29,37,44,[16]]
Day 860 - [4,8,41,47,50,[10]]
Day 861 - [22,26,29,33,35,[7]]
Day 862 - [2,12,27,45,48,[16]]
Day 863 - [3,6,29,32,44,[19]]
Day 864 - [1,14,19,29,48,[15]]
Day 865 - [19,22,23,28,30,[11]]
Day 866 - [9,24,35,41,46,[15]]
Day 867 - [16,29,39,42,47,[11]]
Day 868 - [5,10,15,31,37,[9]]
Day 869 - [5,11,18,19,21,[10]]
Day 870 - [9,20,31,36,39,[15]]
Day 871 - [10,11,16,20,40,[13]]
Day 872 - [4,16,19,30,49,[19]]
Day 873 - [1,5,18,22,50,[17]]
Day 874 - [1,2,18,34,38,[9]]
Day 875 - [37,40,42,43,48,[6]]
Day 876 - [14,15,19,30,48,[4]]
Day 877 - [12,13,24,47,50,[14]]
Day 878 - [8,32,33,37,46,[10]]
Day 879 - [10,13,33,37,44,[12]]
Day 880 - [4,6,16,22,43,[13]]
Day 881 - [2,19,21,34,47,[15]]
Day 882 - [9,10,22,40,49,[12]]
Day 883 - [7,13,14,23,30,[14]]
Day 884 - [4,15,18,21,28,[18]]
Day 885 - [15,19,38,43,46,[6]]
Day 886 - [8,10,32,33,48,[13]]
Day 887 - [9,26,33,46,48,[11]]
Day 888 - [25,39,46,47,49,[10]]
Day 889 - [8,14,29,32,40,[7]]
Day 890 - [7,10,24,25,30,[15]]
Day 891 - [2,9,20,25,42,[13]]
Day 892 - [12,15,20,21,38,[10]]
Day 893 - [7,18,34,39,42,[16]]
Day 894 - [3,20,22,23,38,[17]]
Day 895 - [1,15,21,30,47,[4]]
Day 896 - [11,15,18,26,39,[16]]
Day 897 - [5,14,21,34,36,[5]]
Day 898 - [14,29,38,43,44,[9]]
Day 899 - [13,15,29,39,41,[17]]
Day 900 - [7,19,24,30,40,[12]]
Day 901 - [2,17,24,31,47,[11]]
Day 902 - [7,34,37,43,46,[12]]
Day 903 - [11,12,32,34,46,[8]]
Day 904 - [1,2,11,16,50,[18]]
Day 905 - [8,11,23,30,45,[19]]
Day 906 - [9,20,25,45,46,[9]]
Day 907 - [4,29,33,34,38,[13]]
Day 908 - [1,4,22,42,45,[11]]
Day 909 - [19,28,35,36,44,[12]]
Day 910 - [9,17,32,34,37,[12]]
Day 911 - [6,13,31,33,46,[4]]
Day 912 - [8,12,14,18,50,[20]]
Day 913 - [1,4,14,15,33,[15]]
Day 914 - [1,4,33,36,41,[5]]
Day 915 - [7,18,21,31,47,[5]]
Day 916 - [19,29,31,34,45,[17]]
Day 917 - [8,10,19,28,32,[15]]
Day 918 - [9,14,18,28,30,[18]]
Day 919 - [2,17,29,30,36,[2]]
Day 920 - [16,21,22,29,38,[19]]
Day 921 - [2,10,15,26,29,[1]]
Day 922 - [9,15,25,43,47,[8]]
Day 923 - [26,29,32,41,50,[20]]
Day 924 - [6,20,37,44,48,[20]]
Day 925 - [16,22,24,31,46,[8]]
Day 926 - [2,17,20,31,33,[11]]
Day 927 - [9,14,28,37,43,[20]]
Day 928 - [4,8,11,49,50,[14]]
Day 929 - [12,24,40,42,49,[14]]
Day 930 - [3,7,15,18,38,[1]]
Day 931 - [14,16,22,34,46,[11]]
Day 932 - [5,18,19,36,49,[19]]
Day 933 - [2,3,6,11,44,[12]]
Day 934 - [14,26,32,38,40,[13]]
Day 935 - [6,20,38,44,46,[8]]
Day 936 - [2,22,23,46,49,[19]]
Day 937 - [6,25,33,36,38,[17]]
Day 938 - [6,23,27,29,45,[16]]
Day 939 - [18,25,32,33,47,[16]]
Day 940 - [10,13,17,18,20,[17]]
Day 941 - [7,22,26,36,44,[12]]
Day 942 - [5,7,22,25,50,[3]]
Day 943 - [8,10,14,41,50,[9]]
Day 944 - [6,15,34,35,45,[17]]
Day 945 - [1,6,16,37,45,[6]]
Day 946 - [1,6,20,27,46,[13]]
=== 2025 ===
Day 947 - [1,10,12,34,37,[17]]
Day 948 - [19,31,37,42,43,[6]]
Day 949 - [1,11,18,23,37,[3]]
Day 950 - [1,14,17,31,49,[2]]
Day 951 - [2,16,19,27,42,[17]]
Day 952 - [17,38,45,46,50,[16]]
Day 953 - [10,16,20,41,49,[7]]
Day 954 - [6,8,13,37,45,[7]]
Day 955 - [14,26,36,42,49,[16]]
Day 956 - [7,19,22,42,47,[4]]
Day 957 - [2,11,14,22,41,[9]]
Day 958 - [3,8,19,29,46,[19]]
Day 959 - [7,20,21,35,45,[10]]
Day 960 - [4,12,24,40,49,[4]]
Day 961 - [16,21,30,34,47,[18]]
Day 962 - [2,20,28,34,45,[3]]
Day 963 - [4,6,15,20,50,[3]]
Day 964 - [2,4,5,19,31,[15]]
Day 965 - [15,16,37,43,44,[11]]
Day 966 - [2,9,19,22,24,[19]]
Day 967 - [4,7,11,24,39,[3]]
Day 968 - [2,26,30,42,47,[3]]
Day 969 - [14,23,31,33,38,[7]]
Day 970 - [2,5,32,40,45,[9]]
Day 971 - [13,14,29,48,49,[18]]
Day 972 - [13,17,27,37,50,[12]]
Day 973 - [2,3,10,14,33,[18]]
Day 974 - [29,31,41,46,47,[13]]
Day 975 - [9,14,25,28,36,[10]]
Day 976 - [5,13,31,42,46,[6]]
Day 977 - [4,10,15,29,43,[16]]
Day 978 - [6,25,41,42,46,[18]]
Day 979 - [3,4,35,37,38,[10]]
Day 980 - [11,14,18,36,43,[14]]
Day 981 - [21,22,26,38,43,[12]]
Day 982 - [4,6,27,30,44,[9]]
Day 983 - [7,27,34,44,47,[4]]
Day 984 - [1,5,26,28,43,[11]]
Day 985 - [4,10,30,48,49,[8]]
Day 986 - [1,17,23,32,48,[16]]
Day 987 - [14,17,33,43,46,[2]]
Day 988 - [6,14,19,28,41,[3]]
Day 989 - [6,14,19,31,49,[7]]
Day 990 - [16,30,37,38,39,[4]]
Day 991 - [27,29,30,43,46,[20]]
Day 992 - [11,20,21,37,50,[8]]
Day 993 - [13,15,16,27,43,[18]]
Day 994 - [11,18,26,29,38,[16]]
Day 995 - [3,32,37,42,50,[3]]
Day 996 - [1,7,14,18,20,[18]]
Day 997 - [10,11,16,32,40,[1]]
Day 998 - [2,3,5,20,41,[9]]
Day 999 - [9,14,28,39,49,[10]]
Day 1000 - [5,9,16,20,32,[10]]
Day 1001 - [8,11,13,20,48,[14]]
Day 1002 - [1,12,16,41,50,[2]]
Day 1003 - [4,5,9,29,38,[15]]
Day 1004 - [5,7,9,18,20,[1]]
Day 1005 - [3,7,17,25,28,[19]]
Day 1006 - [2,24,27,30,34,[15]]
Day 1007 - [1,17,21,23,34,[17]]
Day 1008 - [1,2,7,43,45,[2]]
Day 1009 - [22,25,26,30,50,[17]]
Day 1010 - [1,2,16,25,34,[6]]
Day 1011 - [9,22,25,33,42,[3]]
Day 1012 - [7,15,19,27,30,[4]]
Day 1013 - [1,2,7,14,44,[5]]
Day 1014 - [3,5,24,32,47,[17]]
Day 1015 - [15,17,26,34,38,[13]]
Day 1016 - [5,9,15,21,32,[17]]
Day 1017 - [5,9,19,25,43,[8]]
Day 1018 - [8,15,17,22,32,[1]]
Day 1019 - [4,9,30,38,50,[17]]
Day 1020 - [5,13,15,30,39,[13]]
Day 1021 - [4,18,34,42,50,[13]]
Day 1022 - [10,14,25,42,50,[18]]
Day 1023 - [7,14,40,41,45,[7]]
Day 1024 - [1,10,23,25,44,[13]]
Day 1025 - [16,33,35,37,40,[12]]
Day 1026 - [1,14,15,25,39,[9]]
Day 1027 - [3,22,27,43,50,[7]]
Day 1028 - [2,19,27,29,42,[7]]
Day 1029 - [9,22,26,29,49,[11]]
Day 1030 - [2,8,12,30,31,[2]]
Day 1031 - [12,18,29,31,34,[9]]
Day 1032 - [12,13,29,41,47,[4]]
Day 1033 - [17,25,28,34,39,[20]]
Day 1034 - [17,19,25,27,40,[3]]
Day 1035 - [1,8,11,21,42,[18]]
Day 1036 - [12,21,22,28,39,[18]]
Day 1037 - [8,24,26,40,50,[1]]
Day 1038 - [9,12,29,32,41,[18]]
Day 1039 - [15,16,17,32,42,[19]]
Day 1040 - [13,16,23,35,47,[16]]
Day 1041 - [14,19,29,35,40,[16]]
Day 1042 - [11,27,29,36,48,[2]]
Day 1043 - [4,10,43,45,46,[13]]
Day 1044 - [16,27,30,40,41,[14]]
Day 1045 - [8,31,36,39,43,[17]]
Day 1046 - [15,38,45,46,50,[16]]
Day 1047 - [8,21,26,27,49,[4]]
Day 1048 - [9,23,32,40,48,[12]]
Day 1049 - [14,28,33,36,50,[18]]
Day 1050 - [7,8,24,39,44,[13]]
=== 2026 ===
Day 1051 - [2,22,29,36,43,[3]]
Day 1052 - [8,17,24,29,41,[8]]
Day 1053 - [13,14,27,38,42,[12]]
Day 1054 - [1,2,11,15,42,[13]]
Day 1055 - [3,24,29,32,34,[18]]
Day 1056 - [1,5,7,15,40,[4]]
Day 1057 - [3,16,18,23,42,[20]]
Day 1058 - [14,23,31,44,49,[9]]
Day 1059 - [2,9,14,35,42,[9]]
Day 1060 - [1,10,26,27,40,[5]]
Day 1061 - [2,6,35,36,46,[2]]
Day 1062 - [4,20,37,41,42,[11]]
Day 1063 - [6,20,24,30,34,[11]]
Day 1064 - [23,24,30,41,43,[5]]
Day 1065 - [7,8,23,36,41,[17]]
Day 1066 - [9,14,39,41,48,[10]]
Day 1067 - [27,31,36,37,43,[4]]
Day 1068 - [4,21,29,45,48,[6]]
Day 1069 - [15,21,25,44,49,[1]]
Day 1070 - [2,23,27,32,49,[11]]
Day 1071 - [9,14,23,34,36,[20]]
Day 1072 - [7,9,10,31,34,[4]]
Day 1073 - [12,18,28,40,45,[15]]
Day 1074 - [7,15,19,31,44,[20]]
Day 1075 - [1,7,11,27,32,[1]]
Day 1076 - [4,5,10,16,42,[12]]
Day 1077 - [16,20,21,24,25,[6]]
Day 1078 - [22,29,30,43,46,[9]]
Day 1079 - [8,10,14,23,36,[13]]
Day 1080 - [4,17,20,23,50,[1]]
Day 1081 - [8,36,43,44,48,[3]]
Day 1082 - [1,7,16,31,36,[7]]
Day 1083 - [1,18,32,35,47,[6]]
Day 1084 - [6,10,13,24,26,[2]]
Day 1085 - [7,8,33,38,45,[13]]
Day 1086 - [19,37,39,40,45,[3]]
Day 1087 - [13,17,28,41,47,[19]]
Day 1088 - [19,20,29,35,44,[6]]
Day 1089 - [17,21,25,35,37,[11]]
Day 1090 - [5,21,23,41,43,[11]]
Day 1091 - [10,11,15,22,48,[5]]
Day 1092 - [13,27,29,36,37,[10]]
Day 1093 - [14,17,22,27,36,[20]]
Day 1094 - [4,12,27,35,41,[15]]
Day 1095 - [2,23,44,48,50,[14]]
Day 1096 - [19,32,40,45,48,[11]]
Day 1097 - [3,9,32,42,46,[1]]
Day 1098 - [5,12,17,20,43,[1]]
Day 1099 - [7,23,26,38,46,[15]]
Day 1100 - [3,25,27,39,40,[4]]
Day 1101 - [16,20,31,33,47,[8]]
Day 1102 - [8,14,16,25,44,[15]]
Day 1103 - [5,21,39,46,47,[12]]
Day 1104 - [16,29,32,45,47,[2]]
Day 1105 - [3,8,10,28,48,[12]]
Day 1106 - [10,23,34,35,37,[2]]
Day 1107 - [18,21,40,41,43,[16]]
Day 1108 - [12,16,32,33,39,[16]]
Day 1109 - [14,16,22,37,42,[10]]
Day 1110 - [23,26,29,44,49,[5]]
Day 1111 - [1,17,19,22,36,[5]]
Day 1112 - [5,20,21,36,44,[13]]
Day 1113 - [10,11,21,46,47,[6]]
Day 1114 - [15,21,31,42,50,[2]]
Day 1115 - [6,10,13,20,44,[15]]
Day 1116 - [2,3,25,41,43,[19]]
Day 1117 - [1,10,19,29,34,[1]]
Day 1118 - [4,6,33,43,44,[13]]
Day 1119 - [1,7,25,37,41,[20]]
Day 1120 - [3,5,14,21,41,[5]]
Day 1121 - [14,15,26,32,43,[15]]
Day 1122 - [4,10,20,31,35,[14]]
Day 1123 - [1,9,24,30,34,[15]]
Day 1124 - [1,4,13,36,44,[5]]
Day 1125 - [9,11,13,20,31,[20]]
Day 1126 - [9,11,20,33,43,[5]]
Day 1127 - [4,17,25,34,43,[6]]
Day 1128 - [2,7,8,17,23,[11]]
Day 1129 - [17,19,27,31,45,[13]]
Day 1130 - [9,27,28,31,34,[9]]
Day 1131 - [1,6,20,35,39,[19]]
Day 1132 - [25,26,28,30,38,[19]]
Day 1133 - [5,27,30,33,41,[20]]
Day 1134 - [12,15,16,33,41,[16]]
Day 1135 - [10,13,17,39,43,[20]]
Day 1136 - [12,24,27,36,44,[1]]
Day 1137 - [5,9,27,29,43,[13]]
Day 1138 - [5,16,23,26,33,[14]]
Day 1139 - [4,11,13,34,38,[16]]
Day 1140 - [4,11,23,27,29,[12]]
Day 1141 - [1,3,23,27,33,[17]]
Day 1142 - [11,19,29,30,31,[10]]
Day 1143 - [11,25,33,37,41,[1]]
Day 1144 - [6,10,11,13,17,[11]]
Day 1145 - [5,7,15,17,27,[17]]
Day 1146 - [17,25,29,36,41,[14]]
Day 1147 - [4,5,21,22,29,[16]]
Day 1148 - [9,13,34,39,42,[8]]
Day 1149 - [11,30,32,40,42,[20]]
Day 1150 - [23,29,30,31,33,[20]]
Day 1151 - [15,33,35,44,45,[18]]
Day 1152 - [5,7,15,20,43,[1]]
Day 1153 - [6,17,34,35,41,[17]]
Day 1154 - [1,19,29,38,41,[12]]
Day 1155 - [8,24,26,27,33,[16]]
Day 1156 - [13,20,21,41,45,[6]]
Day 1157 - [3,4,8,17,28,[19]]
Day 1158 - [5,9,19,39,40,[14]]
Day 1159 - [8,20,34,36,44,[11]]
Day 1160 - [6,25,26,32,43,[20]]
Day 1161 - [8,9,28,36,38,[7]]
Day 1162 - [3,24,34,35,44,[14]]
Day 1163 - [19,22,23,25,43,[14]]
Day 1164 - [7,12,20,21,28,[13]]
Day 1165 - [7,26,33,43,45,[18]]
Day 1166 - [9,19,25,28,40,[10]]
Day 1167 - [5,15,30,38,44,[6]]
Day 1168 - [4,18,19,27,31,[19]]
Day 1169 - [6,15,32,33,40,[6]]
Day 1170 - [31,34,40,42,44,[14]]
Day 1171 - [2,9,15,16,17,[14]]
Day 1172 - [7,11,29,37,40,[17]]
Day 1173 - [1,27,28,35,42,[10]]
Day 1174 - [1,2,7,22,31,[15]]
Day 1175 - [18,22,30,34,35,[2]]
Day 1176 - [1,4,5,24,35,[20]]
Day 1177 - [9,10,13,27,36,[17]]
Day 1178 - [11,25,26,41,43,[8]]
Day 1179 - [22,25,30,31,36,[14]]
Day 1180 - [11,16,20,22,38,[3]]
Day 1181 - [11,14,31,33,34,[6]]
Day 1182 - [6,18,23,33,34,[4]]
Day 1183 - [12,21,27,33,40,[9]]
Day 1184 - [3,22,38,43,45,[15]]
Day 1185 - [9,13,26,28,34,[5]]
Day 1186 - [3,17,23,36,43,[16]]
Day 1187 - [15,24,29,30,43,[4]]
Day 1188 - [11,14,20,27,38,[4]]
Day 1189 - [10,12,23,29,35,[18]]
Day 1190 - [13,20,24,34,45,[10]]
Day 1191 - [4,10,14,32,37,[20]]
Day 1192 - [28,32,34,37,39,[11]]
Day 1193 - [7,9,20,24,36,[2]]
Day 1194 - [4,22,23,27,35,[10]]
Day 1195 - [5,16,21,26,34,[18]]
Day 1196 - [15,21,30,38,42,[12]]
Day 1197 - [6,14,35,39,41,[15]]
Day 1198 - [3,8,12,19,41,[10]]
Day 1199 - [15,21,30,33,40,[16]]
Day 1200 - [18,22,28,36,39,[5]]
Day 1201 - [9,15,26,41,45,[12]]
Day 1202 - [7,11,16,19,32,[5]]
Day 1203 - [6,22,27,29,32,[2]]
Day 1204 - [16,19,20,29,35,[13]]
Day 1205 - [9,22,25,40,45,[9]]
Day 1206 - [1,6,22,27,42,[19]]
Day 1207 - [1,4,6,19,27,[14]]
Day 1208 - [4,22,31,35,38,[15]]
Day 1209 - [1,9,13,20,24,[16]]
Day 1210 - [1,12,15,34,37,[16]]
Day 1211 - [11,12,15,16,30,[12]]
Day 1212 - [9,13,26,38,43,[3]]
Day 1213 - [9,15,24,26,31,[2]]
Day 1214 - [2,17,26,27,29,[13]]
Day 1215 - [9,10,25,32,37,[5]]
Day 1216 - [25,30,33,36,45,[17]]
Day 1217 - [19,24,25,32,44,[19]]
Day 1218 - [20,23,37,39,43,[9]]
Day 1219 - [9,10,18,23,27,[2]]
Day 1220 - [10,12,17,20,41,[17]]
Day 1221 - [12,22,31,33,40,[1]]
Day 1222 - [15,23,27,34,39,[13]]
Day 1223 - [13,15,25,31,35,[8]]
Day 1224 - [5,11,13,25,34,[14]]
Day 1225 - [4,6,18,24,29,[18]]
Day 1226 - [1,2,12,36,45,[4]]
Day 1227 - [2,22,29,36,43,[3]]
Day 1228 - [8,17,24,29,41,[8]]
Day 1229 - [13,14,27,38,42,[12]]
Day 1230 - [1,2,11,15,42,[13]]
Day 1231 - [3,24,29,32,34,[18]]
Day 1232 - [1,5,7,15,40,[4]]
Day 1233 - [3,16,18,23,42,[20]]
Day 1234 - [14,23,31,44,49,[9]]
Day 1235 - [2,9,14,35,42,[9]]
Day 1236 - [1,10,26,27,40,[5]]
Day 1237 - [2,6,35,36,46,[2]]
Day 1238 - [4,20,37,41,42,[11]]
Day 1239 - [6,20,24,30,34,[11]]
Day 1240 - [23,24,30,41,43,[5]]
Day 1241 - [7,8,23,36,41,[17]]
Day 1242 - [9,14,39,41,48,[10]]
Day 1243 - [27,31,36,37,43,[4]]
Day 1244 - [4,21,29,45,48,[6]]
Day 1245 - [15,21,25,44,49,[1]]
Day 1246 - [2,23,27,32,49,[11]]
Day 1247 - [9,14,23,34,36,[20]]
Day 1248 - [7,9,10,31,34,[4]]
Day 1249 - [12,18,28,40,45,[15]]
Day 1250 - [7,15,19,31,44,[20]]
Day 1251 - [1,7,11,27,32,[1]]
Day 1252 - [4,5,10,16,42,[12]]
Day 1253 - [16,20,21,24,25,[6]]
Day 1254 - [22,29,30,43,46,[9]]
Day 1255 - [8,10,14,23,36,[13]]
Day 1256 - [4,17,20,23,50,[1]]
Day 1257 - [8,36,43,44,48,[3]]
Day 1258 - [1,7,16,31,36,[7]]
Day 1259 - [1,18,32,35,47,[6]]
Day 1260 - [6,10,13,24,26,[2]]
Day 1261 - [7,8,33,38,45,[13]]
Day 1262 - [19,37,39,40,45,[3]]
Day 1263 - [13,17,28,41,47,[19]]
Day 1264 - [19,20,29,35,44,[6]]
Day 1265 - [17,21,25,35,37,[11]]
Day 1266 - [5,21,23,41,43,[11]]
Day 1267 - [10,11,15,22,48,[5]]
Day 1268 - [13,27,29,36,37,[10]]
Day 1269 - [14,17,22,27,36,[20]]
Day 1270 - [4,12,27,35,41,[15]]
Day 1271 - [2,23,44,48,50,[14]]
Day 1272 - [19,32,40,45,48,[11]]
Day 1273 - [3,9,32,42,46,[1]]
Day 1274 - [5,12,17,20,43,[1]]
Day 1275 - [7,23,26,38,46,[15]]
Day 1276 - [3,25,27,39,40,[4]]
Day 1277 - [16,20,31,33,47,[8]]
Day 1278 - [8,14,16,25,44,[15]]
Day 1279 - [5,21,39,46,47,[12]]
Day 1280 - [16,29,32,45,47,[2]]
Day 1281 - [3,8,10,28,48,[12]]
Day 1282 - [10,23,34,35,37,[2]]
Day 1283 - [18,21,40,41,43,[16]]
Day 1284 - [12,16,32,33,39,[16]]
Day 1285 - [14,16,22,37,42,[10]]
Day 1286 - [23,26,29,44,49,[5]]
Day 1287 - [1,17,19,22,36,[5]]
Day 1288 - [5,20,21,36,44,[13]]
Day 1289 - [10,11,21,46,47,[6]]
Day 1290 - [15,21,31,42,50,[2]]
Day 1291 - [7,27,28,46,48,[2]]
