=== 2009 ===
Day 1 - [12,15,20,36,38,[6]]
Day 2 - [5,15,17,31,37,[3]]
Day 3 - [11,14,16,30,31,[8]]
Day 4 - [18,24,27,36,40,[11]]
Day 5 - [10,17,23,31,42,[19]]
Day 6 - [12,20,22,28,33,[14]]
Day 7 - [32,35,38,39,43,[19]]
Day 8 - [1,9,23,41,43,[3]]
Day 9 - [12,16,28,42,44,[4]]
Day 10 - [1,18,19,32,42,[9]]
Day 11 - [12,18,31,37,45,[16]]
Day 12 - [5,8,25,41,45,[13]]
Day 13 - [17,23,27,38,43,[4]]
Day 14 - [13,16,37,39,42,[7]]
Day 15 - [10,20,22,23,35,[17]]
Day 16 - [7,29,31,32,39,[13]]
Day 17 - [5,8,11,28,34,[15]]
Day 18 - [2,14,27,39,42,[10]]
Day 19 - [18,27,32,38,42,[20]]
=== 2010 ===
Day 20 - [17,21,24,32,37,[10]]
Day 21 - [1,8,31,43,44,[11]]
Day 22 - [6,15,27,39,45,[19]]
Day 23 - [10,11,18,30,35,[7]]
Day 24 - [1,5,21,42,44,[8]]
Day 25 - [10,16,18,21,38,[18]]
Day 26 - [7,11,18,19,34,[7]]
Day 27 - [2,3,15,21,36,[19]]
Day 28 - [2,6,39,42,43,[3]]
Day 29 - [7,25,33,38,42,[8]]
Day 30 - [1,8,21,29,39,[20]]
Day 31 - [10,18,26,36,45,[19]]
Day 32 - [6,32,36,38,45,[1]]
Day 33 - [22,23,30,33,44,[9]]
Day 34 - [7,8,10,22,35,[4]]
Day 35 - [4,12,18,34,41,[14]]
Day 36 - [4,9,14,23,37,[8]]
Day 37 - [1,12,15,36,43,[6]]
Day 38 - [10,11,12,22,38,[10]]
Day 39 - [3,6,11,28,45,[15]]
Day 40 - [8,14,18,22,28,[10]]
Day 41 - [16,32,40,42,45,[16]]
Day 42 - [7,11,33,44,45,[3]]
Day 43 - [1,6,9,10,15,[11]]
Day 44 - [25,30,33,36,44,[15]]
Day 45 - [9,27,30,35,42,[17]]
Day 46 - [2,13,19,38,42,[16]]
Day 47 - [2,16,27,30,31,[15]]
Day 48 - [15,18,28,42,45,[5]]
Day 49 - [7,19,21,37,40,[18]]
Day 50 - [7,20,26,32,39,[3]]
Day 51 - [12,18,43,44,45,[5]]
Day 52 - [13,14,23,24,27,[1]]
Day 53 - [1,11,30,35,44,[15]]
Day 54 - [9,17,28,36,43,[4]]
Day 55 - [10,18,25,26,34,[15]]
Day 56 - [4,14,17,42,44,[13]]
Day 57 - [6,8,15,32,42,[7]]
Day 58 - [6,17,25,29,42,[6]]
Day 59 - [2,14,25,30,40,[2]]
Day 60 - [4,15,21,30,32,[8]]
Day 61 - [2,9,24,26,42,[2]]
Day 62 - [2,5,12,23,45,[15]]
Day 63 - [1,16,20,27,33,[13]]
Day 64 - [7,8,23,30,39,[6]]
Day 65 - [12,14,18,23,42,[13]]
Day 66 - [13,25,34,40,41,[7]]
Day 67 - [6,8,9,11,22,[15]]
Day 68 - [16,23,36,40,45,[19]]
Day 69 - [13,23,31,40,42,[11]]
Day 70 - [5,8,9,23,35,[9]]
Day 71 - [2,6,7,9,31,[7]]
Day 72 - [7,8,21,39,41,[9]]
Day 73 - [12,15,18,20,25,[13]]
Day 74 - [5,11,13,20,30,[15]]
Day 75 - [13,20,42,44,45,[12]]
Day 76 - [1,21,27,32,36,[9]]
Day 77 - [18,23,24,33,37,[15]]
Day 78 - [2,7,19,24,30,[20]]
Day 79 - [2,9,21,25,37,[12]]
Day 80 - [1,6,15,35,44,[20]]
Day 81 - [1,3,13,22,29,[18]]
Day 82 - [9,19,31,33,45,[16]]
Day 83 - [8,9,10,31,39,[12]]
Day 84 - [11,17,30,35,45,[20]]
Day 85 - [15,21,24,32,44,[11]]
Day 86 - [6,23,27,33,44,[16]]
Day 87 - [7,8,26,36,42,[20]]
Day 88 - [12,27,37,41,44,[20]]
Day 89 - [12,17,37,41,43,[8]]
Day 90 - [3,25,37,42,44,[10]]
Day 91 - [1,17,19,33,38,[1]]
Day 92 - [3,23,29,33,40,[2]]
Day 93 - [2,19,28,42,44,[5]]
Day 94 - [31,33,36,40,42,[13]]
Day 95 - [1,5,10,16,19,[8]]
Day 96 - [1,3,4,5,40,[15]]
Day 97 - [16,22,28,30,31,[20]]
Day 98 - [3,15,25,32,38,[4]]
Day 99 - [3,7,16,21,40,[3]]
Day 100 - [1,17,18,19,44,[14]]
Day 101 - [4,14,26,34,44,[12]]
Day 102 - [9,11,17,35,38,[16]]
Day 103 - [10,15,16,22,36,[1]]
Day 104 - [13,28,32,35,36,[8]]
Day 105 - [10,31,32,39,45,[10]]
Day 106 - [12,13,21,22,29,[9]]
Day 107 - [1,4,25,26,32,[10]]
Day 108 - [6,22,29,35,45,[8]]
Day 109 - [4,8,11,16,40,[17]]
Day 110 - [4,28,32,38,40,[2]]
Day 111 - [1,17,19,26,32,[4]]
Day 112 - [2,9,10,33,43,[6]]
Day 113 - [12,17,22,25,34,[19]]
Day 114 - [3,6,11,12,25,[9]]
Day 115 - [19,24,37,43,45,[10]]
Day 116 - [12,28,30,44,45,[9]]
Day 117 - [6,13,18,24,41,[7]]
Day 118 - [12,30,31,32,35,[4]]
Day 119 - [1,7,8,17,30,[17]]
Day 120 - [19,25,31,39,40,[14]]
Day 121 - [26,30,31,33,40,[3]]
Day 122 - [5,6,7,9,17,[11]]
Day 123 - [3,21,23,32,35,[7]]
=== 2011 ===
Day 124 - [2,12,18,30,38,[10]]
Day 125 - [9,12,26,29,34,[12]]
Day 126 - [14,15,22,27,37,[7]]
Day 127 - [8,16,21,36,42,[4]]
Day 128 - [5,10,36,41,44,[18]]
Day 129 - [6,13,18,19,22,[10]]
Day 130 - [3,9,12,18,38,[9]]
Day 131 - [5,9,11,22,37,[7]]
Day 132 - [2,5,29,39,41,[7]]
Day 133 - [11,12,16,31,37,[3]]
Day 134 - [14,20,22,34,35,[8]]
Day 135 - [14,25,27,31,34,[10]]
Day 136 - [1,17,23,41,42,[17]]
Day 137 - [2,7,12,17,31,[17]]
Day 138 - [4,10,12,33,35,[16]]
Day 139 - [3,24,31,37,41,[2]]
Day 140 - [1,7,24,28,37,[15]]
Day 141 - [7,13,18,34,44,[20]]
Day 142 - [17,21,31,34,41,[4]]
Day 143 - [5,34,39,43,45,[8]]
Day 144 - [12,22,32,36,43,[10]]
Day 145 - [8,28,36,40,42,[4]]
Day 146 - [8,15,24,39,41,[8]]
Day 147 - [13,16,25,36,39,[8]]
Day 148 - [3,15,17,24,38,[13]]
Day 149 - [1,12,23,36,42,[18]]
Day 150 - [16,23,25,33,34,[9]]
Day 151 - [1,14,37,39,40,[3]]
Day 152 - [7,20,27,35,37,[10]]
Day 153 - [8,15,18,25,37,[5]]
Day 154 - [8,14,15,16,38,[2]]
Day 155 - [12,16,25,37,45,[7]]
Day 156 - [1,15,39,41,45,[7]]
Day 157 - [8,10,11,33,34,[17]]
Day 158 - [4,9,20,38,45,[2]]
Day 159 - [1,17,31,41,43,[1]]
Day 160 - [4,10,11,32,38,[6]]
Day 161 - [13,16,24,26,27,[10]]
Day 162 - [3,7,10,31,42,[6]]
Day 163 - [13,16,21,41,45,[18]]
Day 164 - [7,16,22,34,45,[17]]
Day 165 - [7,8,13,33,35,[17]]
Day 166 - [6,30,31,33,36,[16]]
Day 167 - [10,16,24,32,35,[7]]
Day 168 - [13,24,26,30,42,[16]]
Day 169 - [11,16,34,39,40,[11]]
Day 170 - [15,23,33,44,45,[6]]
Day 171 - [2,8,28,30,35,[13]]
Day 172 - [6,18,28,31,36,[20]]
Day 173 - [2,16,25,37,41,[12]]
Day 174 - [2,9,31,35,37,[4]]
Day 175 - [2,30,31,34,42,[5]]
Day 176 - [5,22,30,32,33,[18]]
Day 177 - [10,16,28,34,45,[6]]
Day 178 - [9,16,19,24,28,[19]]
Day 179 - [2,14,15,18,29,[20]]
Day 180 - [13,22,25,26,35,[13]]
Day 181 - [18,26,28,34,36,[3]]
Day 182 - [7,12,23,40,42,[2]]
Day 183 - [3,9,16,27,31,[13]]
Day 184 - [5,9,10,21,44,[10]]
Day 185 - [31,37,38,43,45,[15]]
Day 186 - [2,8,39,41,43,[16]]
Day 187 - [3,10,16,21,22,[9]]
Day 188 - [5,14,19,21,28,[11]]
Day 189 - [4,17,20,22,31,[13]]
Day 190 - [10,18,20,36,39,[13]]
Day 191 - [4,5,19,37,38,[15]]
Day 192 - [15,25,34,43,45,[1]]
Day 193 - [1,2,5,30,40,[3]]
Day 194 - [10,18,23,36,40,[4]]
Day 195 - [5,11,17,28,44,[20]]
Day 196 - [2,3,4,28,38,[20]]
Day 197 - [8,10,23,31,38,[8]]
Day 198 - [5,22,24,25,27,[5]]
Day 199 - [1,7,8,22,40,[18]]
Day 200 - [11,21,24,28,35,[17]]
Day 201 - [8,10,26,40,42,[4]]
Day 202 - [33,36,38,40,44,[4]]
Day 203 - [8,10,24,39,43,[8]]
Day 204 - [15,20,21,31,35,[5]]
Day 205 - [2,8,12,15,32,[13]]
Day 206 - [2,16,23,39,42,[9]]
Day 207 - [11,12,20,35,38,[1]]
Day 208 - [3,15,36,37,41,[6]]
Day 209 - [13,23,34,39,43,[7]]
Day 210 - [9,25,31,34,42,[10]]
Day 211 - [8,10,11,15,45,[20]]
Day 212 - [1,6,7,10,35,[14]]
Day 213 - [8,18,30,38,44,[5]]
Day 214 - [9,24,36,37,45,[14]]
Day 215 - [5,24,29,34,44,[18]]
Day 216 - [23,26,29,41,44,[14]]
Day 217 - [12,27,28,32,34,[5]]
Day 218 - [5,6,25,38,40,[16]]
Day 219 - [6,15,16,28,41,[1]]
Day 220 - [1,3,18,36,37,[11]]
Day 221 - [14,16,22,32,35,[13]]
Day 222 - [14,26,28,33,45,[11]]
Day 223 - [20,21,25,37,40,[5]]
Day 224 - [7,13,21,22,40,[20]]
Day 225 - [10,12,17,24,26,[3]]
Day 226 - [11,15,20,33,37,[16]]
=== 2012 ===
Day 227 - [3,5,8,17,41,[6]]
Day 228 - [1,21,29,32,34,[20]]
Day 229 - [18,20,24,26,40,[13]]
Day 230 - [15,20,23,25,40,[10]]
Day 231 - [13,19,26,43,45,[9]]
Day 232 - [10,15,22,29,35,[18]]
Day 233 - [4,7,11,26,36,[5]]
Day 234 - [2,7,28,36,39,[5]]
Day 235 - [12,15,25,32,41,[15]]
Day 236 - [7,9,14,15,43,[15]]
Day 237 - [2,11,14,38,45,[13]]
Day 238 - [6,19,23,29,35,[3]]
Day 239 - [20,30,31,32,44,[17]]
Day 240 - [8,26,31,38,45,[7]]
Day 241 - [25,27,28,32,43,[18]]
Day 242 - [17,21,26,40,45,[15]]
Day 243 - [16,24,26,32,45,[1]]
Day 244 - [13,24,41,43,45,[19]]
Day 245 - [1,35,36,37,45,[7]]
Day 246 - [2,21,22,29,40,[11]]
Day 247 - [3,6,26,32,37,[4]]
Day 248 - [14,18,37,41,44,[3]]
Day 249 - [9,14,21,28,44,[12]]
Day 250 - [6,15,23,39,45,[19]]
Day 251 - [8,11,23,44,45,[2]]
Day 252 - [3,5,10,18,39,[18]]
Day 253 - [4,11,12,17,42,[15]]
Day 254 - [13,28,30,41,43,[11]]
Day 255 - [2,9,23,43,44,[17]]
Day 256 - [14,15,29,30,34,[7]]
Day 257 - [13,20,24,25,29,[11]]
Day 258 - [3,5,22,31,45,[5]]
Day 259 - [4,6,12,23,38,[18]]
Day 260 - [12,17,24,30,36,[14]]
Day 261 - [1,6,16,34,40,[18]]
Day 262 - [4,9,10,16,20,[4]]
Day 263 - [6,7,17,20,23,[17]]
Day 264 - [4,7,8,19,25,[12]]
Day 265 - [2,14,20,32,36,[1]]
Day 266 - [1,3,22,31,38,[11]]
Day 267 - [1,9,19,26,32,[17]]
Day 268 - [2,6,8,30,44,[10]]
Day 269 - [9,12,15,28,32,[14]]
Day 270 - [9,10,26,32,33,[7]]
Day 271 - [14,15,32,36,40,[7]]
Day 272 - [2,16,22,36,43,[19]]
Day 273 - [2,21,22,24,41,[17]]
Day 274 - [12,21,27,36,45,[17]]
Day 275 - [3,7,17,21,27,[2]]
Day 276 - [2,17,22,39,44,[20]]
Day 277 - [2,4,6,19,31,[20]]
Day 278 - [16,19,37,38,39,[13]]
Day 279 - [3,10,12,34,36,[17]]
Day 280 - [8,9,15,23,36,[11]]
Day 281 - [4,11,16,27,38,[17]]
Day 282 - [1,4,20,23,34,[16]]
Day 283 - [5,20,24,33,41,[3]]
Day 284 - [2,5,7,15,21,[6]]
Day 285 - [6,8,15,18,38,[15]]
Day 286 - [7,14,23,27,32,[20]]
Day 287 - [2,10,22,35,41,[16]]
Day 288 - [13,20,21,26,44,[8]]
Day 289 - [2,9,26,27,45,[1]]
Day 290 - [5,21,26,28,33,[19]]
Day 291 - [13,15,19,40,42,[12]]
Day 292 - [14,16,19,38,43,[3]]
Day 293 - [3,9,14,24,26,[3]]
Day 294 - [1,7,8,11,40,[1]]
Day 295 - [5,7,9,20,29,[20]]
Day 296 - [6,15,19,30,45,[14]]
Day 297 - [9,14,17,34,41,[17]]
Day 298 - [13,32,34,36,45,[10]]
Day 299 - [15,18,26,33,41,[7]]
Day 300 - [1,27,37,40,42,[16]]
Day 301 - [13,16,24,39,43,[4]]
Day 302 - [2,28,32,34,45,[17]]
Day 303 - [1,6,7,40,41,[17]]
Day 304 - [11,18,23,31,45,[13]]
Day 305 - [1,9,11,39,40,[18]]
Day 306 - [3,5,6,22,26,[17]]
Day 307 - [5,10,17,35,41,[16]]
Day 308 - [7,9,11,29,41,[8]]
Day 309 - [14,17,23,35,39,[3]]
Day 310 - [8,23,24,31,42,[6]]
Day 311 - [1,8,12,19,34,[18]]
Day 312 - [5,16,20,41,42,[20]]
Day 313 - [4,11,25,26,41,[12]]
Day 314 - [9,17,18,37,41,[9]]
Day 315 - [7,14,17,27,40,[16]]
Day 316 - [5,7,13,18,19,[8]]
Day 317 - [1,4,6,14,15,[12]]
Day 318 - [3,17,26,28,33,[1]]
Day 319 - [5,33,34,37,42,[5]]
Day 320 - [9,17,30,34,44,[18]]
Day 321 - [6,25,33,42,44,[14]]
Day 322 - [5,11,20,34,45,[20]]
Day 323 - [4,17,33,42,45,[10]]
Day 324 - [11,16,25,28,33,[1]]
Day 325 - [5,13,20,29,35,[14]]
Day 326 - [13,34,36,37,39,[16]]
Day 327 - [13,14,19,23,37,[3]]
Day 328 - [1,12,14,32,36,[16]]
=== 2013 ===
Day 329 - [1,4,13,21,30,[18]]
Day 330 - [10,18,21,38,44,[4]]
Day 331 - [8,11,12,23,24,[16]]
Day 332 - [1,4,14,20,33,[4]]
Day 333 - [12,17,22,36,37,[2]]
Day 334 - [13,19,29,35,39,[11]]
Day 335 - [3,10,11,28,31,[16]]
Day 336 - [7,15,20,23,25,[12]]
Day 337 - [9,21,29,37,38,[14]]
Day 338 - [23,27,32,43,44,[20]]
Day 339 - [5,18,22,28,29,[20]]
Day 340 - [22,25,36,38,44,[3]]
Day 341 - [2,20,38,39,45,[5]]
Day 342 - [3,13,26,28,34,[3]]
Day 343 - [1,5,6,31,42,[20]]
Day 344 - [4,16,28,32,42,[19]]
Day 345 - [1,7,14,21,32,[7]]
Day 346 - [13,30,33,35,45,[3]]
Day 347 - [9,12,22,26,38,[4]]
Day 348 - [8,19,24,34,37,[15]]
Day 349 - [1,6,26,35,42,[6]]
Day 350 - [22,23,29,35,38,[7]]
Day 351 - [5,7,11,25,35,[18]]
Day 352 - [1,5,7,9,14,[15]]
Day 353 - [1,18,31,37,40,[13]]
Day 354 - [4,6,8,11,13,[13]]
Day 355 - [4,9,17,22,23,[6]]
Day 356 - [8,9,20,38,39,[19]]
Day 357 - [5,12,36,37,40,[7]]
Day 358 - [8,12,29,32,44,[19]]
Day 359 - [10,13,26,28,39,[2]]
Day 360 - [8,12,15,21,26,[17]]
Day 361 - [13,16,30,43,44,[9]]
Day 362 - [12,24,28,31,32,[2]]
Day 363 - [10,19,21,27,40,[3]]
Day 364 - [4,5,21,37,38,[6]]
Day 365 - [2,4,16,18,26,[5]]
Day 366 - [1,13,19,29,37,[1]]
Day 367 - [13,19,20,22,43,[2]]
Day 368 - [10,11,17,37,44,[18]]
Day 369 - [3,10,15,30,38,[3]]
Day 370 - [25,26,29,31,34,[14]]
Day 371 - [3,7,19,34,44,[2]]
Day 372 - [17,25,28,34,40,[12]]
Day 373 - [14,15,19,35,38,[4]]
Day 374 - [6,17,22,34,36,[20]]
Day 375 - [15,23,31,32,35,[9]]
Day 376 - [1,5,13,14,16,[3]]
Day 377 - [7,26,35,36,42,[18]]
Day 378 - [2,6,18,30,34,[12]]
Day 379 - [3,9,27,32,41,[1]]
Day 380 - [7,12,13,18,20,[1]]
Day 381 - [6,25,26,42,44,[12]]
Day 382 - [1,6,26,30,37,[10]]
Day 383 - [7,15,30,33,43,[12]]
Day 384 - [5,7,8,31,37,[18]]
Day 385 - [6,12,28,33,42,[16]]
Day 386 - [6,8,12,19,36,[6]]
Day 387 - [1,5,8,21,30,[16]]
Day 388 - [3,4,5,20,44,[9]]
Day 389 - [1,2,13,29,34,[18]]
Day 390 - [10,12,25,37,41,[3]]
Day 391 - [10,22,23,31,45,[16]]
Day 392 - [12,15,32,42,44,[16]]
Day 393 - [13,15,18,21,45,[9]]
Day 394 - [10,18,35,41,43,[16]]
Day 395 - [3,10,22,25,27,[3]]
Day 396 - [4,23,24,35,43,[20]]
Day 397 - [9,13,17,38,41,[1]]
Day 398 - [17,28,32,33,36,[14]]
Day 399 - [15,16,24,29,40,[10]]
Day 400 - [6,13,16,22,32,[1]]
Day 401 - [8,19,27,30,40,[18]]
Day 402 - [11,18,22,27,29,[11]]
Day 403 - [15,22,29,30,38,[13]]
Day 404 - [6,23,25,26,43,[2]]
Day 405 - [6,13,21,28,31,[3]]
Day 406 - [1,19,24,35,37,[7]]
Day 407 - [3,7,11,24,28,[12]]
Day 408 - [31,39,42,43,45,[10]]
Day 409 - [16,18,20,29,36,[14]]
Day 410 - [27,32,35,41,45,[5]]
Day 411 - [1,17,19,20,34,[1]]
Day 412 - [9,15,19,24,30,[20]]
Day 413 - [8,24,27,28,35,[12]]
Day 414 - [6,16,35,36,43,[18]]
Day 415 - [6,15,16,37,44,[6]]
Day 416 - [12,26,32,42,43,[10]]
Day 417 - [11,20,22,30,43,[6]]
Day 418 - [2,15,22,33,35,[16]]
Day 419 - [3,31,35,37,45,[4]]
Day 420 - [13,19,20,24,26,[4]]
Day 421 - [11,15,16,20,31,[9]]
Day 422 - [5,16,19,33,34,[2]]
Day 423 - [11,12,17,18,27,[13]]
Day 424 - [12,17,26,27,30,[1]]
Day 425 - [13,15,21,28,31,[19]]
Day 426 - [1,16,21,31,37,[18]]
Day 427 - [1,11,18,30,41,[15]]
Day 428 - [2,7,11,26,33,[6]]
Day 429 - [10,12,16,28,37,[10]]
Day 430 - [1,16,23,41,44,[9]]
Day 431 - [4,16,19,34,39,[16]]
Day 432 - [6,14,20,31,34,[12]]
=== 2014 ===
Day 433 - [10,11,19,23,28,[3]]
Day 434 - [28,37,39,43,44,[18]]
Day 435 - [4,7,24,36,39,[7]]
Day 436 - [31,34,37,42,43,[8]]
Day 437 - [10,16,23,26,33,[1]]
Day 438 - [1,6,9,15,39,[9]]
Day 439 - [10,15,20,33,38,[7]]
Day 440 - [1,8,22,40,43,[13]]
Day 441 - [10,20,25,26,42,[14]]
Day 442 - [4,20,21,29,40,[10]]
Day 443 - [7,13,20,21,36,[9]]
Day 444 - [3,7,10,13,40,[5]]
Day 445 - [6,9,18,21,24,[8]]
Day 446 - [2,26,36,42,43,[3]]
Day 447 - [2,8,19,38,44,[11]]
Day 448 - [4,7,12,27,44,[17]]
Day 449 - [11,14,32,42,45,[18]]
Day 450 - [2,7,26,28,30,[4]]
Day 451 - [16,18,22,37,38,[3]]
Day 452 - [9,19,21,25,37,[16]]
Day 453 - [3,15,29,34,44,[7]]
Day 454 - [1,13,17,32,35,[13]]
Day 455 - [7,8,14,18,38,[14]]
Day 456 - [2,17,19,29,34,[3]]
Day 457 - [2,3,7,35,41,[16]]
Day 458 - [14,17,24,27,34,[4]]
Day 459 - [3,16,22,24,44,[15]]
Day 460 - [1,2,10,33,45,[18]]
Day 461 - [17,23,33,41,42,[18]]
Day 462 - [2,6,10,11,37,[14]]
Day 463 - [3,22,28,30,42,[11]]
Day 464 - [13,15,28,29,30,[7]]
Day 465 - [12,20,31,40,44,[14]]
Day 466 - [11,14,24,36,41,[11]]
Day 467 - [4,15,26,37,40,[20]]
Day 468 - [1,5,22,26,34,[16]]
Day 469 - [1,4,20,24,38,[20]]
Day 470 - [8,22,25,34,37,[5]]
Day 471 - [3,8,21,35,45,[7]]
Day 472 - [12,22,40,42,43,[12]]
Day 473 - [4,11,24,26,31,[10]]
Day 474 - [1,3,35,40,43,[17]]
Day 475 - [23,28,30,41,43,[12]]
Day 476 - [4,10,16,29,42,[11]]
Day 477 - [11,15,24,28,35,[13]]
Day 478 - [12,18,21,27,34,[10]]
Day 479 - [2,3,7,19,25,[11]]
Day 480 - [25,27,36,37,39,[4]]
Day 481 - [4,5,6,12,30,[16]]
Day 482 - [11,12,14,30,32,[2]]
Day 483 - [1,10,19,21,31,[11]]
Day 484 - [4,19,25,31,36,[3]]
Day 485 - [12,19,27,37,43,[9]]
Day 486 - [6,13,27,33,35,[15]]
Day 487 - [22,24,29,36,43,[13]]
Day 488 - [14,17,19,22,35,[17]]
Day 489 - [9,21,27,39,43,[3]]
Day 490 - [9,13,28,40,45,[12]]
Day 491 - [1,9,23,29,42,[13]]
Day 492 - [7,14,15,35,39,[4]]
Day 493 - [14,32,35,37,40,[3]]
Day 494 - [10,23,35,37,39,[12]]
Day 495 - [10,17,26,29,31,[4]]
Day 496 - [19,31,40,41,43,[13]]
Day 497 - [6,18,22,26,35,[5]]
Day 498 - [5,8,21,34,35,[7]]
Day 499 - [4,12,28,29,36,[3]]
Day 500 - [15,23,30,41,43,[13]]
Day 501 - [11,21,36,39,44,[2]]
Day 502 - [1,8,24,33,43,[11]]
Day 503 - [2,4,18,19,29,[6]]
Day 504 - [3,21,26,27,36,[18]]
Day 505 - [7,12,28,43,44,[8]]
Day 506 - [9,13,25,28,34,[3]]
Day 507 - [7,10,21,22,34,[3]]
Day 508 - [1,3,6,34,37,[1]]
Day 509 - [18,27,37,39,41,[6]]
Day 510 - [20,34,38,42,43,[13]]
Day 511 - [6,11,20,36,45,[12]]
Day 512 - [4,9,14,17,26,[2]]
Day 513 - [7,21,38,39,43,[5]]
Day 514 - [6,17,22,27,35,[7]]
Day 515 - [26,28,30,31,32,[18]]
Day 516 - [7,21,31,37,44,[10]]
Day 517 - [9,10,17,23,33,[18]]
Day 518 - [4,16,21,35,36,[6]]
Day 519 - [12,17,19,24,36,[11]]
Day 520 - [8,14,33,41,44,[9]]
Day 521 - [3,4,18,22,40,[7]]
Day 522 - [3,14,27,29,45,[19]]
Day 523 - [15,18,22,24,41,[1]]
Day 524 - [7,10,12,32,40,[14]]
Day 525 - [8,19,24,37,40,[7]]
Day 526 - [21,28,33,40,43,[10]]
Day 527 - [19,25,26,40,43,[12]]
Day 528 - [14,20,26,28,39,[12]]
Day 529 - [13,22,35,36,43,[15]]
Day 530 - [26,33,34,36,38,[2]]
Day 531 - [9,10,11,15,34,[2]]
Day 532 - [7,9,10,29,45,[7]]
Day 533 - [2,25,31,32,36,[3]]
Day 534 - [10,12,13,30,45,[11]]
Day 535 - [8,15,25,31,40,[13]]
=== 2015 ===
Day 536 - [1,14,21,41,43,[16]]
Day 537 - [2,9,14,18,20,[20]]
Day 538 - [2,13,15,17,31,[5]]
Day 539 - [3,9,15,18,35,[17]]
Day 540 - [5,7,14,29,42,[4]]
Day 541 - [3,4,23,31,35,[5]]
Day 542 - [1,8,11,29,34,[13]]
Day 543 - [12,26,28,31,35,[13]]
Day 544 - [4,23,25,43,45,[17]]
Day 545 - [11,12,25,41,42,[20]]
Day 546 - [17,23,36,38,42,[2]]
Day 547 - [10,20,27,31,33,[6]]
Day 548 - [6,11,20,27,37,[20]]
Day 549 - [1,5,9,18,40,[17]]
Day 550 - [2,11,12,19,40,[12]]
Day 551 - [13,14,18,25,39,[20]]
Day 552 - [4,9,27,31,41,[11]]
Day 553 - [1,27,30,33,38,[9]]
Day 554 - [10,21,23,25,45,[9]]
Day 555 - [24,26,27,31,33,[18]]
Day 556 - [18,19,20,22,43,[6]]
Day 557 - [12,15,26,34,41,[16]]
Day 558 - [11,17,27,34,42,[9]]
Day 559 - [5,17,21,25,36,[16]]
Day 560 - [8,23,33,35,40,[17]]
Day 561 - [5,6,20,26,27,[15]]
Day 562 - [5,16,22,24,40,[7]]
Day 563 - [12,13,17,22,28,[18]]
Day 564 - [20,22,23,29,33,[19]]
Day 565 - [5,6,26,31,41,[16]]
Day 566 - [7,9,22,28,35,[15]]
Day 567 - [4,13,20,31,38,[1]]
Day 568 - [11,27,37,39,44,[3]]
Day 569 - [4,8,20,35,45,[16]]
Day 570 - [4,8,18,22,38,[15]]
Day 571 - [2,22,37,38,43,[15]]
Day 572 - [18,21,24,28,41,[15]]
Day 573 - [8,26,40,44,45,[7]]
Day 574 - [3,21,25,26,36,[1]]
Day 575 - [9,31,32,40,41,[10]]
Day 576 - [12,13,20,31,36,[19]]
Day 577 - [4,12,17,25,29,[5]]
Day 578 - [6,8,11,19,22,[17]]
Day 579 - [5,9,21,25,35,[4]]
Day 580 - [2,8,16,18,30,[12]]
Day 581 - [21,26,28,30,44,[10]]
Day 582 - [10,13,15,22,30,[1]]
Day 583 - [1,22,29,34,35,[15]]
Day 584 - [4,11,19,24,42,[6]]
Day 585 - [11,12,24,27,32,[20]]
Day 586 - [12,15,25,39,44,[19]]
Day 587 - [2,9,19,24,26,[14]]
Day 588 - [11,16,20,22,38,[5]]
Day 589 - [10,11,14,19,34,[14]]
Day 590 - [8,12,15,25,36,[10]]
Day 591 - [8,23,24,42,44,[4]]
Day 592 - [4,18,19,21,29,[17]]
Day 593 - [12,34,35,38,39,[3]]
Day 594 - [6,21,23,36,43,[18]]
Day 595 - [4,9,28,35,38,[14]]
Day 596 - [4,7,8,26,36,[13]]
Day 597 - [9,10,19,28,45,[12]]
Day 598 - [11,14,20,24,44,[16]]
Day 599 - [2,17,26,32,43,[11]]
Day 600 - [6,20,30,40,43,[13]]
Day 601 - [8,14,23,26,45,[1]]
Day 602 - [2,11,19,20,31,[10]]
Day 603 - [10,16,18,20,31,[17]]
Day 604 - [23,30,31,44,45,[7]]
Day 605 - [1,25,29,43,44,[13]]
Day 606 - [1,12,13,14,23,[20]]
Day 607 - [2,6,22,23,41,[9]]
Day 608 - [5,19,21,42,43,[17]]
Day 609 - [5,17,25,40,45,[6]]
Day 610 - [2,21,22,25,31,[19]]
Day 611 - [14,20,21,26,32,[12]]
Day 612 - [10,11,12,24,35,[19]]
Day 613 - [6,9,14,32,43,[1]]
Day 614 - [24,35,38,42,44,[9]]
Day 615 - [14,17,32,41,43,[5]]
Day 616 - [7,11,14,23,34,[3]]
Day 617 - [28,34,41,42,45,[8]]
Day 618 - [13,14,17,35,44,[6]]
Day 619 - [1,5,27,33,37,[10]]
Day 620 - [5,13,18,27,41,[3]]
Day 621 - [3,6,18,40,44,[12]]
Day 622 - [1,7,10,37,45,[3]]
Day 623 - [19,24,30,40,42,[10]]
Day 624 - [6,21,22,28,43,[2]]
Day 625 - [2,11,16,31,45,[20]]
Day 626 - [17,29,35,38,40,[13]]
Day 627 - [10,16,29,37,41,[7]]
Day 628 - [30,33,34,44,45,[8]]
Day 629 - [1,19,28,42,44,[18]]
Day 630 - [4,10,18,23,34,[1]]
Day 631 - [7,18,34,35,41,[1]]
Day 632 - [7,10,12,24,26,[7]]
Day 633 - [1,3,5,11,38,[13]]
Day 634 - [4,11,18,20,42,[12]]
Day 635 - [3,35,40,43,45,[5]]
Day 636 - [3,8,16,38,43,[9]]
Day 637 - [5,7,14,25,30,[3]]
=== 2016 ===
Day 638 - [13,17,24,34,40,[18]]
Day 639 - [24,29,38,39,45,[18]]
Day 640 - [15,17,38,39,43,[11]]
Day 641 - [10,16,27,29,36,[13]]
Day 642 - [4,9,19,31,32,[1]]
Day 643 - [1,4,9,35,39,[5]]
Day 644 - [1,5,15,23,43,[11]]
Day 645 - [3,12,16,27,37,[12]]
Day 646 - [5,14,20,24,28,[5]]
Day 647 - [7,8,32,35,44,[9]]
Day 648 - [6,15,16,31,40,[9]]
Day 649 - [14,21,41,42,43,[4]]
Day 650 - [9,32,40,42,44,[19]]
Day 651 - [5,9,11,14,42,[7]]
Day 652 - [12,14,15,23,41,[18]]
Day 653 - [3,15,16,23,24,[3]]
Day 654 - [5,12,35,36,38,[17]]
Day 655 - [4,8,15,17,27,[1]]
Day 656 - [1,6,30,40,43,[6]]
Day 657 - [2,6,15,26,39,[12]]
Day 658 - [1,2,3,13,34,[11]]
Day 659 - [4,7,32,41,44,[11]]
Day 660 - [14,17,26,32,33,[14]]
Day 661 - [11,13,23,42,43,[4]]
Day 662 - [1,7,12,21,33,[2]]
Day 663 - [4,28,37,40,45,[14]]
Day 664 - [11,15,31,37,43,[11]]
Day 665 - [4,24,27,36,40,[8]]
Day 666 - [24,28,34,35,43,[13]]
Day 667 - [2,16,18,20,24,[16]]
Day 668 - [20,29,33,37,38,[6]]
Day 669 - [10,11,12,32,33,[17]]
Day 670 - [1,4,12,18,29,[16]]
Day 671 - [1,3,16,19,31,[13]]
Day 672 - [3,11,22,35,41,[9]]
Day 673 - [1,15,23,32,41,[11]]
Day 674 - [3,13,24,41,44,[5]]
Day 675 - [5,20,26,27,33,[18]]
Day 676 - [3,5,23,29,37,[20]]
Day 677 - [8,15,17,24,30,[18]]
Day 678 - [21,29,32,36,43,[3]]
Day 679 - [8,12,23,24,31,[15]]
Day 680 - [7,15,24,28,29,[2]]
Day 681 - [3,28,38,39,42,[16]]
Day 682 - [7,14,20,37,43,[12]]
Day 683 - [3,4,11,23,37,[17]]
Day 684 - [3,6,17,21,27,[10]]
Day 685 - [20,24,40,44,45,[17]]
Day 686 - [7,9,23,39,45,[10]]
Day 687 - [3,13,22,26,43,[18]]
Day 688 - [1,7,9,21,43,[9]]
Day 689 - [4,5,7,10,34,[16]]
Day 690 - [17,20,22,27,41,[18]]
Day 691 - [9,17,19,29,42,[15]]
Day 692 - [1,12,26,36,37,[3]]
Day 693 - [4,12,23,31,41,[5]]
Day 694 - [2,14,31,34,37,[12]]
Day 695 - [2,31,34,38,39,[5]]
Day 696 - [1,7,16,28,35,[3]]
Day 697 - [1,6,16,22,25,[13]]
Day 698 - [4,12,31,41,42,[19]]
Day 699 - [8,11,14,30,42,[8]]
Day 700 - [3,21,34,37,40,[20]]
Day 701 - [5,13,17,24,36,[18]]
Day 702 - [10,15,35,38,39,[13]]
Day 703 - [7,8,16,30,44,[14]]
Day 704 - [6,18,32,33,36,[4]]
Day 705 - [9,13,19,26,43,[8]]
Day 706 - [2,12,14,32,42,[8]]
Day 707 - [4,9,14,18,34,[10]]
Day 708 - [20,23,30,38,41,[10]]
Day 709 - [4,18,39,43,44,[12]]
Day 710 - [2,18,35,37,41,[15]]
Day 711 - [1,5,16,21,40,[2]]
Day 712 - [1,12,33,34,37,[16]]
Day 713 - [2,18,29,32,44,[20]]
Day 714 - [3,11,30,32,37,[3]]
Day 715 - [3,11,34,37,45,[15]]
Day 716 - [5,15,16,25,36,[16]]
Day 717 - [4,16,18,25,30,[6]]
Day 718 - [2,14,24,34,45,[7]]
Day 719 - [15,23,24,26,36,[19]]
Day 720 - [4,12,31,38,40,[3]]
Day 721 - [7,19,35,41,44,[16]]
Day 722 - [8,15,20,22,29,[19]]
Day 723 - [8,24,27,30,43,[14]]
Day 724 - [9,10,18,25,36,[3]]
Day 725 - [24,25,26,37,44,[12]]
Day 726 - [5,14,23,31,36,[19]]
Day 727 - [5,30,40,43,44,[2]]
Day 728 - [1,3,20,35,36,[12]]
Day 729 - [11,17,23,42,45,[13]]
Day 730 - [2,7,12,18,21,[10]]
Day 731 - [17,18,19,25,36,[13]]
Day 732 - [5,21,22,28,33,[18]]
Day 733 - [4,9,22,31,41,[12]]
Day 734 - [1,11,24,28,42,[9]]
Day 735 - [1,24,29,33,38,[20]]
Day 736 - [1,2,8,10,14,[9]]
Day 737 - [7,8,23,26,33,[16]]
Day 738 - [8,15,26,28,35,[10]]
Day 739 - [1,9,17,20,23,[12]]
Day 740 - [1,4,6,11,16,[2]]
Day 741 - [8,16,20,21,36,[4]]
Day 742 - [14,31,33,42,44,[15]]
=== 2017 ===
Day 743 - [6,16,26,29,31,[8]]
Day 744 - [11,14,30,40,42,[9]]
Day 745 - [6,20,25,28,31,[10]]
Day 746 - [14,20,21,26,38,[18]]
Day 747 - [12,29,35,36,41,[10]]
Day 748 - [5,7,17,23,41,[6]]
Day 749 - [7,19,33,35,39,[5]]
Day 750 - [4,5,16,28,30,[10]]
Day 751 - [2,9,31,40,45,[3]]
Day 752 - [20,22,37,39,43,[17]]
Day 753 - [7,16,18,30,39,[2]]
Day 754 - [1,12,21,24,42,[5]]
Day 755 - [5,12,14,39,42,[17]]
Day 756 - [9,20,23,39,42,[6]]
Day 757 - [9,11,14,29,37,[5]]
Day 758 - [6,9,20,30,38,[11]]
Day 759 - [9,15,20,42,45,[5]]
Day 760 - [1,19,24,34,41,[16]]
Day 761 - [6,10,14,35,44,[5]]
Day 762 - [11,20,24,28,33,[2]]
Day 763 - [11,19,31,33,36,[10]]
Day 764 - [6,15,20,31,37,[8]]
Day 765 - [7,9,10,33,34,[14]]
Day 766 - [1,3,5,13,15,[11]]
Day 767 - [2,6,7,22,27,[3]]
Day 768 - [9,11,20,22,36,[13]]
Day 769 - [10,19,28,33,34,[1]]
Day 770 - [20,21,24,34,43,[20]]
Day 771 - [14,18,24,27,38,[18]]
Day 772 - [13,17,20,33,42,[4]]
Day 773 - [2,5,21,24,25,[1]]
Day 774 - [3,7,11,29,40,[18]]
Day 775 - [2,19,25,30,32,[13]]
Day 776 - [8,23,24,40,44,[7]]
Day 777 - [2,10,12,27,32,[13]]
Day 778 - [8,9,21,24,26,[4]]
Day 779 - [18,19,23,37,43,[14]]
Day 780 - [1,3,15,30,37,[5]]
Day 781 - [9,20,30,36,38,[13]]
Day 782 - [1,2,9,17,37,[7]]
Day 783 - [4,7,15,22,26,[4]]
Day 784 - [13,26,29,31,37,[7]]
Day 785 - [12,14,25,26,39,[2]]
Day 786 - [7,11,16,38,45,[20]]
Day 787 - [1,27,28,32,43,[12]]
Day 788 - [11,12,17,19,35,[1]]
Day 789 - [13,18,32,36,45,[14]]
Day 790 - [4,7,25,28,33,[14]]
Day 791 - [14,21,28,38,40,[18]]
Day 792 - [14,20,33,44,45,[19]]
Day 793 - [26,27,30,32,45,[16]]
Day 794 - [4,5,10,23,28,[3]]
Day 795 - [5,7,10,15,30,[5]]
Day 796 - [9,16,18,32,43,[2]]
Day 797 - [2,15,19,27,34,[19]]
Day 798 - [21,28,29,31,35,[8]]
Day 799 - [23,25,30,40,43,[20]]
Day 800 - [7,20,29,40,43,[6]]
Day 801 - [12,18,22,29,44,[6]]
Day 802 - [7,28,30,35,39,[1]]
Day 803 - [5,18,36,40,42,[5]]
Day 804 - [15,17,24,25,28,[17]]
Day 805 - [3,5,12,14,22,[9]]
Day 806 - [11,28,31,32,41,[18]]
Day 807 - [4,17,27,34,35,[5]]
Day 808 - [13,23,30,34,40,[11]]
Day 809 - [15,19,31,36,44,[9]]
Day 810 - [2,15,23,28,32,[2]]
Day 811 - [12,13,17,19,34,[11]]
Day 812 - [11,13,31,39,41,[15]]
Day 813 - [2,13,14,15,32,[6]]
Day 814 - [6,7,34,39,42,[12]]
Day 815 - [2,3,11,29,41,[15]]
Day 816 - [11,16,24,28,44,[6]]
Day 817 - [15,22,25,36,39,[19]]
Day 818 - [4,12,28,30,39,[3]]
Day 819 - [9,17,33,42,45,[13]]
Day 820 - [26,28,32,39,42,[9]]
Day 821 - [7,26,35,36,39,[14]]
Day 822 - [18,22,23,31,38,[17]]
Day 823 - [13,15,25,29,39,[14]]
Day 824 - [5,8,25,30,32,[17]]
Day 825 - [1,3,10,39,43,[13]]
Day 826 - [19,20,24,26,30,[20]]
Day 827 - [13,26,37,42,44,[3]]
Day 828 - [14,15,21,29,45,[6]]
Day 829 - [6,10,16,36,43,[17]]
Day 830 - [3,17,19,23,44,[19]]
Day 831 - [9,10,22,34,44,[18]]
Day 832 - [13,28,31,33,44,[8]]
Day 833 - [8,21,25,34,41,[20]]
Day 834 - [13,14,24,36,42,[20]]
Day 835 - [16,23,32,34,41,[18]]
Day 836 - [4,14,29,37,43,[18]]
Day 837 - [7,11,28,38,39,[14]]
Day 838 - [8,11,22,28,29,[1]]
Day 839 - [4,8,19,32,40,[18]]
Day 840 - [3,8,17,22,27,[13]]
Day 841 - [7,10,15,24,39,[19]]
Day 842 - [2,9,10,17,44,[18]]
Day 843 - [3,7,11,43,44,[4]]
Day 844 - [5,9,16,19,31,[3]]
Day 845 - [13,14,29,42,44,[4]]
Day 846 - [3,7,21,41,42,[18]]
=== 2018 ===
Day 847 - [21,29,30,34,37,[20]]
Day 848 - [8,31,34,35,44,[4]]
Day 849 - [4,11,18,19,40,[19]]
Day 850 - [15,17,20,25,42,[19]]
Day 851 - [12,27,29,35,36,[15]]
Day 852 - [1,3,13,24,27,[12]]
Day 853 - [3,28,40,41,42,[8]]
Day 854 - [6,8,14,22,25,[3]]
Day 855 - [8,20,41,42,43,[4]]
Day 856 - [10,13,30,36,45,[19]]
Day 857 - [6,7,21,27,40,[15]]
Day 858 - [1,8,10,26,39,[17]]
Day 859 - [5,10,12,29,42,[8]]
Day 860 - [2,8,26,28,30,[2]]
Day 861 - [8,27,30,33,42,[3]]
Day 862 - [15,20,31,36,45,[17]]
Day 863 - [6,16,18,33,34,[13]]
Day 864 - [1,14,27,33,40,[12]]
Day 865 - [12,24,29,35,36,[1]]
Day 866 - [9,11,20,26,34,[10]]
Day 867 - [13,26,31,37,43,[15]]
Day 868 - [8,17,29,31,38,[5]]
Day 869 - [5,21,35,37,40,[9]]
Day 870 - [3,23,24,35,37,[9]]
Day 871 - [4,9,12,18,31,[6]]
Day 872 - [8,19,34,37,41,[11]]
Day 873 - [4,13,16,33,40,[2]]
Day 874 - [3,11,26,35,43,[3]]
Day 875 - [2,14,17,31,34,[19]]
Day 876 - [6,9,21,23,30,[14]]
Day 877 - [3,6,7,16,33,[17]]
Day 878 - [5,13,20,31,35,[9]]
Day 879 - [6,16,17,39,43,[4]]
Day 880 - [2,8,12,20,43,[6]]
Day 881 - [8,17,29,40,42,[11]]
Day 882 - [4,9,11,12,25,[6]]
Day 883 - [3,4,6,26,44,[5]]
Day 884 - [8,22,33,40,43,[3]]
Day 885 - [5,10,20,27,40,[10]]
Day 886 - [6,10,11,28,40,[7]]
Day 887 - [3,10,15,19,44,[14]]
Day 888 - [6,11,23,36,37,[13]]
Day 889 - [12,21,31,37,41,[13]]
Day 890 - [1,37,40,41,43,[4]]
Day 891 - [10,13,28,33,45,[14]]
Day 892 - [3,13,25,26,34,[13]]
Day 893 - [3,5,31,35,37,[13]]
Day 894 - [8,9,14,28,41,[9]]
Day 895 - [12,20,23,24,37,[4]]
Day 896 - [2,6,13,14,19,[17]]
Day 897 - [15,25,39,43,50,[14]]
Day 898 - [15,22,25,31,37,[16]]
Day 899 - [3,38,48,49,50,[18]]
Day 900 - [8,16,19,35,39,[11]]
Day 901 - [1,31,34,38,46,[12]]
Day 902 - [13,14,34,38,45,[11]]
Day 903 - [12,26,34,35,44,[4]]
Day 904 - [9,21,22,33,39,[5]]
Day 905 - [9,15,18,24,29,[19]]
Day 906 - [4,15,19,33,36,[2]]
Day 907 - [3,6,14,34,36,[12]]
Day 908 - [1,15,23,24,35,[4]]
Day 909 - [2,3,19,24,30,[3]]
Day 910 - [3,10,14,43,50,[14]]
Day 911 - [13,29,32,38,45,[5]]
Day 912 - [9,19,24,35,42,[10]]
Day 913 - [19,21,23,34,45,[9]]
Day 914 - [3,6,25,27,40,[4]]
Day 915 - [4,13,21,41,44,[15]]
Day 916 - [7,38,42,43,47,[3]]
Day 917 - [3,13,24,25,41,[8]]
Day 918 - [9,11,20,28,44,[6]]
Day 919 - [3,26,34,40,50,[12]]
Day 920 - [10,17,29,31,40,[9]]
Day 921 - [15,22,23,31,38,[1]]
Day 922 - [28,32,39,43,46,[8]]
Day 923 - [7,15,17,30,40,[11]]
Day 924 - [7,24,31,36,50,[2]]
Day 925 - [3,7,15,24,35,[18]]
Day 926 - [32,36,42,46,49,[11]]
Day 927 - [5,13,22,24,40,[5]]
Day 928 - [1,2,11,19,44,[8]]
Day 929 - [2,8,27,35,41,[8]]
Day 930 - [1,32,39,41,43,[6]]
Day 931 - [4,17,21,28,48,[20]]
Day 932 - [2,15,19,24,38,[20]]
Day 933 - [19,20,24,27,29,[19]]
Day 934 - [2,30,36,42,47,[13]]
Day 935 - [10,20,48,49,50,[12]]
Day 936 - [6,7,10,19,43,[20]]
Day 937 - [4,6,19,24,41,[8]]
Day 938 - [20,24,32,33,35,[18]]
Day 939 - [14,32,33,37,47,[15]]
Day 940 - [3,6,8,23,30,[8]]
Day 941 - [12,27,39,41,46,[10]]
Day 942 - [12,15,25,29,49,[7]]
Day 943 - [5,13,20,33,34,[6]]
Day 944 - [3,6,22,33,47,[15]]
Day 945 - [7,29,39,42,48,[7]]
Day 946 - [4,5,9,16,20,[3]]
Day 947 - [3,5,14,20,32,[16]]
Day 948 - [22,34,40,44,48,[2]]
Day 949 - [13,16,28,29,30,[7]]
Day 950 - [18,21,30,32,50,[8]]
=== 2019 ===
Day 951 - [42,44,46,47,48,[11]]
Day 952 - [7,9,24,26,29,[1]]
Day 953 - [2,15,35,44,46,[13]]
Day 954 - [8,21,25,29,42,[15]]
Day 955 - [9,13,24,27,29,[20]]
Day 956 - [8,23,26,38,40,[9]]
Day 957 - [6,15,24,41,47,[3]]
Day 958 - [20,27,31,40,41,[9]]
Day 959 - [6,7,23,25,29,[5]]
Day 960 - [5,13,19,39,41,[3]]
Day 961 - [5,28,31,35,50,[9]]
Day 962 - [22,30,39,41,42,[11]]
Day 963 - [15,16,24,38,47,[13]]
Day 964 - [19,20,37,42,43,[17]]
Day 965 - [14,18,21,26,35,[5]]
Day 966 - [7,9,10,11,40,[2]]
Day 967 - [10,20,28,31,33,[12]]
Day 968 - [24,29,34,46,49,[15]]
Day 969 - [1,18,24,48,49,[20]]
Day 970 - [4,5,7,11,22,[3]]
Day 971 - [8,27,40,46,48,[18]]
Day 972 - [19,36,40,45,49,[5]]
Day 973 - [3,16,32,33,36,[7]]
Day 974 - [8,10,15,34,35,[16]]
Day 975 - [1,8,24,26,30,[2]]
Day 976 - [3,6,11,13,31,[13]]
Day 977 - [11,29,35,38,41,[18]]
Day 978 - [15,22,29,31,48,[3]]
Day 979 - [5,11,13,28,38,[14]]
Day 980 - [28,35,41,43,50,[12]]
Day 981 - [5,6,32,44,48,[5]]
Day 982 - [17,19,25,43,47,[4]]
Day 983 - [10,35,37,46,48,[9]]
Day 984 - [13,16,19,43,49,[13]]
Day 985 - [1,3,20,46,48,[5]]
Day 986 - [13,18,20,35,36,[11]]
Day 987 - [15,22,30,45,48,[13]]
Day 988 - [14,22,23,39,43,[15]]
Day 989 - [15,18,34,44,46,[16]]
Day 990 - [9,19,29,31,46,[17]]
Day 991 - [3,11,15,33,43,[13]]
Day 992 - [3,25,29,38,39,[7]]
Day 993 - [15,21,25,33,43,[17]]
Day 994 - [5,21,25,27,47,[12]]
Day 995 - [10,16,22,46,50,[19]]
Day 996 - [4,11,21,22,45,[14]]
Day 997 - [11,14,15,38,47,[13]]
Day 998 - [24,26,27,35,39,[15]]
Day 999 - [2,3,17,20,33,[3]]
Day 1000 - [8,15,28,46,49,[8]]
Day 1001 - [3,32,33,38,40,[11]]
Day 1002 - [3,13,16,33,41,[10]]
Day 1003 - [16,29,43,44,47,[15]]
Day 1004 - [28,37,39,46,47,[12]]
Day 1005 - [9,12,28,44,49,[13]]
Day 1006 - [29,35,46,47,48,[17]]
Day 1007 - [3,5,20,23,40,[14]]
Day 1008 - [3,12,13,20,41,[16]]
Day 1009 - [4,6,35,45,48,[20]]
Day 1010 - [4,17,19,43,48,[7]]
Day 1011 - [1,14,29,32,38,[18]]
Day 1012 - [5,31,45,46,47,[5]]
Day 1013 - [6,8,15,30,37,[20]]
Day 1014 - [2,18,34,37,48,[3]]
Day 1015 - [5,16,17,25,38,[2]]
Day 1016 - [3,10,14,31,41,[9]]
Day 1017 - [11,19,20,39,41,[9]]
Day 1018 - [8,9,15,20,24,[14]]
Day 1019 - [4,5,9,10,11,[13]]
Day 1020 - [8,14,36,40,47,[2]]
Day 1021 - [6,11,16,31,34,[19]]
Day 1022 - [2,20,25,40,49,[20]]
Day 1023 - [10,15,24,28,50,[5]]
Day 1024 - [8,9,10,11,42,[9]]
Day 1025 - [13,21,23,35,49,[8]]
Day 1026 - [9,16,22,29,35,[6]]
Day 1027 - [6,34,35,36,46,[12]]
Day 1028 - [14,16,18,22,39,[15]]
Day 1029 - [3,9,29,32,50,[7]]
Day 1030 - [4,5,23,29,31,[17]]
Day 1031 - [4,15,36,37,50,[17]]
Day 1032 - [15,16,17,26,43,[10]]
Day 1033 - [10,34,36,39,50,[6]]
Day 1034 - [15,21,31,34,44,[2]]
Day 1035 - [3,22,31,35,48,[16]]
Day 1036 - [2,21,29,37,49,[9]]
Day 1037 - [8,29,38,41,50,[2]]
Day 1038 - [13,25,29,43,47,[12]]
Day 1039 - [4,7,18,27,37,[8]]
Day 1040 - [5,18,27,37,45,[12]]
Day 1041 - [3,5,10,11,25,[10]]
Day 1042 - [13,15,31,37,49,[13]]
Day 1043 - [3,4,16,43,44,[10]]
Day 1044 - [5,17,18,20,26,[7]]
Day 1045 - [2,8,11,13,32,[3]]
Day 1046 - [6,11,21,25,49,[12]]
Day 1047 - [5,6,15,23,45,[6]]
Day 1048 - [12,19,33,34,49,[8]]
Day 1049 - [18,21,24,40,50,[17]]
Day 1050 - [1,9,13,25,34,[10]]
Day 1051 - [15,27,33,38,48,[1]]
Day 1052 - [8,10,22,36,40,[20]]
Day 1053 - [14,18,29,41,46,[6]]
Day 1054 - [4,13,34,36,38,[4]]
Day 1055 - [22,31,44,49,50,[8]]
=== 2020 ===
Day 1056 - [8,9,18,43,50,[12]]
Day 1057 - [4,8,18,35,49,[10]]
Day 1058 - [23,25,28,30,40,[13]]
Day 1059 - [9,10,11,32,43,[15]]
Day 1060 - [7,8,18,26,31,[16]]
Day 1061 - [14,18,32,42,49,[17]]
Day 1062 - [5,11,26,48,49,[12]]
Day 1063 - [14,18,31,36,49,[9]]
Day 1064 - [11,14,18,29,34,[15]]
Day 1065 - [3,15,23,37,45,[18]]
Day 1066 - [2,4,29,38,47,[1]]
Day 1067 - [9,22,40,43,46,[1]]
Day 1068 - [2,19,40,49,50,[6]]
Day 1069 - [14,17,20,36,49,[2]]
Day 1070 - [4,18,30,34,36,[20]]
Day 1071 - [4,10,17,26,31,[11]]
Day 1072 - [1,31,37,49,50,[2]]
Day 1073 - [11,17,18,27,44,[8]]
Day 1074 - [6,23,26,28,47,[6]]
Day 1075 - [6,8,24,25,50,[10]]
Day 1076 - [5,6,12,22,50,[11]]
Day 1077 - [16,29,34,38,49,[14]]
Day 1078 - [4,9,16,21,36,[14]]
Day 1079 - [4,12,41,45,46,[5]]
Day 1080 - [3,8,18,38,45,[3]]
Day 1081 - [14,20,28,43,49,[5]]
Day 1082 - [9,10,29,32,45,[9]]
Day 1083 - [4,13,32,34,42,[9]]
Day 1084 - [7,14,22,24,41,[16]]
Day 1085 - [6,11,25,31,46,[9]]
Day 1086 - [16,19,20,23,25,[10]]
Day 1087 - [8,13,21,46,50,[13]]
Day 1088 - [10,12,22,42,50,[18]]
Day 1089 - [6,12,32,36,45,[4]]
Day 1090 - [12,20,43,48,49,[6]]
Day 1091 - [6,22,41,46,49,[3]]
Day 1092 - [12,21,30,35,45,[18]]
Day 1093 - [6,22,34,44,45,[11]]
Day 1094 - [5,7,13,19,47,[4]]
Day 1095 - [9,15,19,36,44,[10]]
Day 1096 - [9,10,24,41,45,[15]]
Day 1097 - [15,25,34,39,42,[4]]
Day 1098 - [4,27,30,34,45,[20]]
Day 1099 - [5,15,29,41,46,[14]]
Day 1100 - [14,23,28,40,48,[3]]
Day 1101 - [5,37,43,49,50,[3]]
Day 1102 - [9,27,38,43,48,[15]]
Day 1103 - [4,26,27,29,41,[15]]
Day 1104 - [21,28,29,33,48,[7]]
Day 1105 - [2,7,16,36,47,[18]]
Day 1106 - [11,20,21,34,50,[7]]
Day 1107 - [2,11,27,36,39,[3]]
Day 1108 - [2,7,15,25,41,[1]]
Day 1109 - [2,7,13,20,45,[18]]
Day 1110 - [11,16,44,46,50,[1]]
Day 1111 - [20,21,28,48,49,[3]]
Day 1112 - [12,15,24,30,38,[6]]
Day 1113 - [17,20,22,32,41,[3]]
Day 1114 - [4,6,11,27,34,[10]]
Day 1115 - [3,28,30,38,40,[8]]
Day 1116 - [6,18,30,46,48,[11]]
Day 1117 - [4,28,34,38,47,[16]]
Day 1118 - [11,30,42,45,48,[12]]
Day 1119 - [27,29,39,40,42,[6]]
Day 1120 - [10,11,16,25,30,[1]]
Day 1121 - [6,22,30,39,49,[2]]
Day 1122 - [13,32,33,40,41,[1]]
Day 1123 - [7,20,32,34,48,[1]]
Day 1124 - [8,10,17,44,45,[12]]
Day 1125 - [16,21,22,36,39,[5]]
Day 1126 - [2,3,11,12,43,[13]]
Day 1127 - [12,13,14,36,50,[6]]
Day 1128 - [1,4,10,12,49,[18]]
Day 1129 - [3,18,32,40,46,[7]]
Day 1130 - [8,19,24,29,44,[8]]
Day 1131 - [3,10,28,31,41,[7]]
Day 1132 - [2,17,18,27,37,[4]]
Day 1133 - [7,12,16,28,38,[13]]
Day 1134 - [8,10,23,41,50,[9]]
Day 1135 - [6,21,25,29,33,[9]]
Day 1136 - [8,21,38,41,50,[4]]
Day 1137 - [13,15,20,27,28,[7]]
Day 1138 - [1,7,18,37,48,[13]]
Day 1139 - [15,20,29,32,45,[4]]
Day 1140 - [3,6,36,41,43,[17]]
Day 1141 - [19,25,41,45,46,[12]]
Day 1142 - [4,27,36,46,49,[16]]
Day 1143 - [1,2,25,36,39,[12]]
Day 1144 - [6,9,33,40,44,[11]]
Day 1145 - [6,23,30,35,36,[14]]
Day 1146 - [1,11,16,19,24,[19]]
Day 1147 - [11,12,36,37,38,[12]]
Day 1148 - [7,10,13,22,50,[12]]
Day 1149 - [13,15,30,43,47,[18]]
Day 1150 - [13,29,34,36,49,[18]]
Day 1151 - [5,6,7,8,9,[10]]
Day 1152 - [13,15,24,30,50,[9]]
Day 1153 - [6,16,35,37,40,[2]]
Day 1154 - [13,18,25,36,49,[19]]
Day 1155 - [3,7,13,34,50,[6]]
Day 1156 - [20,22,24,28,47,[14]]
Day 1157 - [9,12,15,27,42,[14]]
Day 1158 - [15,17,24,28,30,[19]]
=== 2021 ===
Day 1159 - [1,7,24,30,44,[1]]
Day 1160 - [4,17,42,46,48,[14]]
Day 1161 - [11,16,28,32,41,[6]]
Day 1162 - [11,13,28,36,37,[15]]
Day 1163 - [24,31,40,45,48,[20]]
Day 1164 - [13,16,28,42,45,[11]]
Day 1165 - [11,14,36,37,44,[19]]
Day 1166 - [4,8,12,15,19,[17]]
Day 1167 - [2,11,16,22,47,[19]]
Day 1168 - [6,13,22,34,49,[10]]
Day 1169 - [8,16,19,20,50,[18]]
Day 1170 - [4,7,15,30,32,[10]]
Day 1171 - [3,15,35,39,41,[5]]
Day 1172 - [5,18,31,36,45,[8]]
Day 1173 - [3,17,20,25,47,[3]]
Day 1174 - [8,13,25,32,42,[16]]
Day 1175 - [1,3,7,41,44,[11]]
Day 1176 - [1,11,21,32,42,[11]]
Day 1177 - [6,15,39,40,48,[17]]
Day 1178 - [28,30,36,37,41,[7]]
Day 1179 - [7,15,29,34,39,[2]]
Day 1180 - [11,20,21,32,36,[18]]
Day 1181 - [5,16,27,32,46,[18]]
Day 1182 - [7,9,10,18,34,[16]]
Day 1183 - [5,25,27,42,47,[15]]
Day 1184 - [7,16,24,25,38,[9]]
Day 1185 - [4,8,15,25,26,[17]]
Day 1186 - [3,13,21,42,45,[8]]
Day 1187 - [18,31,39,45,46,[17]]
Day 1188 - [6,8,22,31,42,[15]]
Day 1189 - [2,5,12,25,49,[20]]
Day 1190 - [3,5,12,32,49,[19]]
Day 1191 - [5,14,19,30,35,[12]]
Day 1192 - [1,8,22,29,49,[18]]
Day 1193 - [6,12,22,38,45,[4]]
Day 1194 - [3,9,17,25,39,[13]]
Day 1195 - [4,7,19,20,49,[19]]
Day 1196 - [4,10,17,29,38,[20]]
Day 1197 - [3,16,28,31,48,[11]]
Day 1198 - [4,11,30,35,45,[12]]
Day 1199 - [19,21,24,45,50,[5]]
Day 1200 - [3,4,8,25,44,[15]]
Day 1201 - [31,33,36,38,44,[4]]
Day 1202 - [3,5,23,37,42,[11]]
Day 1203 - [17,34,37,39,44,[10]]
Day 1204 - [1,3,17,28,50,[7]]
Day 1205 - [9,12,27,37,48,[7]]
Day 1206 - [13,23,24,27,44,[10]]
Day 1207 - [3,8,19,28,49,[11]]
Day 1208 - [3,11,24,33,41,[16]]
Day 1209 - [4,16,34,36,46,[6]]
Day 1210 - [6,35,41,43,45,[4]]
Day 1211 - [20,30,34,38,43,[7]]
Day 1212 - [1,16,18,26,39,[8]]
Day 1213 - [3,12,29,31,38,[15]]
Day 1214 - [2,28,29,38,42,[2]]
Day 1215 - [20,22,25,41,45,[5]]
Day 1216 - [7,32,33,40,42,[6]]
Day 1217 - [21,45,47,48,49,[18]]
Day 1218 - [5,12,15,28,29,[14]]
Day 1219 - [4,12,27,35,50,[1]]
Day 1220 - [8,16,18,30,34,[4]]
Day 1221 - [7,13,18,20,25,[6]]
Day 1222 - [1,4,12,13,33,[6]]
Day 1223 - [5,23,41,42,50,[2]]
Day 1224 - [10,18,23,30,48,[1]]
Day 1225 - [6,21,33,37,50,[18]]
Day 1226 - [21,23,34,35,41,[9]]
Day 1227 - [6,10,11,45,47,[13]]
Day 1228 - [9,10,35,42,48,[20]]
Day 1229 - [2,9,18,42,43,[8]]
Day 1230 - [2,11,13,19,40,[2]]
Day 1231 - [8,12,17,28,43,[13]]
Day 1232 - [16,18,23,31,35,[10]]
Day 1233 - [8,10,17,26,39,[14]]
Day 1234 - [18,26,41,44,47,[4]]
Day 1235 - [14,17,24,31,43,[15]]
Day 1236 - [13,15,20,28,29,[15]]
Day 1237 - [24,25,38,40,49,[2]]
Day 1238 - [2,13,20,42,47,[3]]
Day 1239 - [4,14,18,24,38,[9]]
Day 1240 - [23,30,32,36,39,[12]]
Day 1241 - [15,30,44,45,48,[15]]
Day 1242 - [15,19,21,24,41,[2]]
Day 1243 - [3,8,17,40,47,[13]]
Day 1244 - [8,15,19,27,49,[4]]
Day 1245 - [29,42,45,47,49,[8]]
Day 1246 - [11,24,25,26,38,[20]]
Day 1247 - [9,15,38,40,42,[2]]
Day 1248 - [13,15,32,43,44,[3]]
Day 1249 - [2,24,27,41,49,[17]]
Day 1250 - [8,9,36,42,50,[4]]
Day 1251 - [4,16,39,40,50,[9]]
Day 1252 - [3,18,21,24,28,[1]]
Day 1253 - [5,7,11,19,38,[14]]
Day 1254 - [2,17,22,31,35,[4]]
Day 1255 - [9,19,20,30,31,[10]]
Day 1256 - [4,7,17,19,23,[14]]
Day 1257 - [23,24,27,48,49,[3]]
Day 1258 - [5,19,30,37,43,[16]]
Day 1259 - [19,28,34,38,48,[4]]
Day 1260 - [13,35,46,47,50,[5]]
Day 1261 - [6,10,11,29,41,[16]]
Day 1262 - [2,13,16,49,50,[18]]
Day 1263 - [27,30,33,38,49,[5]]
=== 2022 ===
Day 1264 - [3,19,38,45,46,[19]]
Day 1265 - [10,12,37,42,43,[2]]
Day 1266 - [20,23,27,38,45,[17]]
Day 1267 - [12,22,26,29,49,[20]]
Day 1268 - [9,36,44,45,46,[16]]
Day 1269 - [10,14,19,34,37,[12]]
Day 1270 - [3,11,29,32,36,[8]]
Day 1271 - [1,12,21,26,48,[18]]
Day 1272 - [31,33,37,40,43,[1]]
Day 1273 - [2,10,11,23,24,[11]]
Day 1274 - [1,4,14,39,49,[13]]
Day 1275 - [9,18,34,36,49,[12]]
Day 1276 - [2,9,26,27,32,[17]]
Day 1277 - [2,15,31,47,48,[15]]
Day 1278 - [18,29,31,32,49,[1]]
Day 1279 - [6,12,26,40,45,[1]]
Day 1280 - [4,15,26,38,39,[19]]
Day 1281 - [9,17,33,46,49,[5]]
Day 1282 - [8,14,21,40,43,[5]]
Day 1283 - [5,11,24,37,47,[2]]
Day 1284 - [19,24,37,38,41,[16]]
Day 1285 - [3,12,15,19,22,[8]]
Day 1286 - [20,30,35,43,48,[19]]
Day 1287 - [15,28,32,43,50,[17]]
Day 1288 - [1,20,35,42,46,[2]]
Day 1289 - [11,17,21,37,47,[7]]
Day 1290 - [18,36,38,42,50,[17]]
Day 1291 - [7,12,13,16,38,[16]]
Day 1292 - [11,15,28,34,42,[5]]
Day 1293 - [4,10,12,35,39,[4]]
Day 1294 - [12,25,26,28,43,[8]]
Day 1295 - [13,20,30,38,42,[9]]
Day 1296 - [2,20,38,43,46,[9]]
Day 1297 - [5,10,25,34,50,[16]]
Day 1298 - [24,26,35,39,44,[20]]
Day 1299 - [4,14,30,34,38,[14]]
Day 1300 - [22,38,42,48,49,[16]]
Day 1301 - [9,14,15,35,49,[13]]
Day 1302 - [15,24,32,35,46,[11]]
Day 1303 - [2,14,19,24,39,[9]]
Day 1304 - [7,16,21,22,32,[12]]
Day 1305 - [7,24,26,27,50,[18]]
Day 1306 - [1,5,17,24,33,[13]]
Day 1307 - [12,17,20,21,33,[6]]
Day 1308 - [4,7,35,41,46,[4]]
Day 1309 - [12,25,26,27,49,[13]]
Day 1310 - [5,23,26,46,48,[16]]
Day 1311 - [4,22,32,46,48,[16]]
Day 1312 - [2,6,18,40,50,[16]]
Day 1313 - [4,13,25,38,44,[13]]
Day 1314 - [9,12,28,29,50,[13]]
Day 1315 - [6,8,13,21,28,[1]]
Day 1316 - [13,14,16,18,31,[19]]
Day 1317 - [4,9,19,21,37,[15]]
Day 1318 - [1,17,21,47,48,[15]]
Day 1319 - [3,9,36,44,50,[16]]
Day 1320 - [14,18,29,46,47,[16]]
Day 1321 - [5,18,19,20,48,[1]]
Day 1322 - [4,6,9,41,50,[13]]
Day 1323 - [7,14,28,32,36,[8]]
Day 1324 - [13,14,20,43,45,[1]]
Day 1325 - [16,18,21,32,44,[18]]
Day 1326 - [6,26,39,42,43,[1]]
Day 1327 - [24,30,38,39,44,[16]]
Day 1328 - [21,33,40,42,48,[2]]
Day 1329 - [23,36,39,40,43,[3]]
Day 1330 - [10,11,17,29,40,[15]]
Day 1331 - [3,11,17,23,45,[15]]
Day 1332 - [1,7,10,27,35,[17]]
Day 1333 - [1,12,18,20,41,[5]]
Day 1334 - [2,8,26,31,34,[5]]
Day 1335 - [9,14,22,35,47,[4]]
Day 1336 - [1,10,11,20,33,[11]]
Day 1337 - [7,16,27,28,29,[17]]
Day 1338 - [13,16,23,45,47,[17]]
Day 1339 - [9,25,42,46,47,[16]]
Day 1340 - [4,32,39,40,46,[6]]
Day 1341 - [7,27,29,35,50,[3]]
Day 1342 - [23,24,27,38,41,[2]]
Day 1343 - [3,12,16,33,45,[15]]
Day 1344 - [2,12,25,29,34,[16]]
Day 1345 - [6,17,22,33,37,[2]]
Day 1346 - [6,7,14,29,48,[13]]
Day 1347 - [16,18,26,35,41,[3]]
Day 1348 - [20,23,27,39,46,[6]]
Day 1349 - [15,25,30,32,40,[9]]
Day 1350 - [3,6,22,29,47,[19]]
Day 1351 - [1,8,29,35,40,[15]]
Day 1352 - [7,8,9,10,17,[17]]
Day 1353 - [1,28,34,35,39,[18]]
Day 1354 - [5,7,16,36,41,[2]]
Day 1355 - [13,24,29,47,50,[5]]
Day 1356 - [5,18,21,37,38,[19]]
Day 1357 - [7,16,26,34,40,[11]]
Day 1358 - [4,6,8,33,38,[5]]
Day 1359 - [12,14,28,31,34,[5]]
Day 1360 - [1,9,10,47,50,[11]]
Day 1361 - [2,9,17,45,48,[14]]
Day 1362 - [16,23,36,43,46,[17]]
Day 1363 - [26,28,36,43,48,[11]]
Day 1364 - [4,9,19,24,29,[2]]
Day 1365 - [3,12,13,18,46,[1]]
Day 1366 - [3,19,24,28,45,[12]]
Day 1367 - [5,8,27,33,48,[7]]
=== 2023 ===
Day 1368 - [2,21,33,39,42,[11]]
Day 1369 - [6,20,31,37,46,[4]]
Day 1370 - [8,22,27,37,50,[9]]
Day 1371 - [12,19,25,29,41,[2]]
Day 1372 - [1,9,37,38,39,[5]]
Day 1373 - [5,12,15,39,47,[8]]
Day 1374 - [3,10,32,40,48,[2]]
Day 1375 - [27,34,36,40,50,[2]]
Day 1376 - [12,14,17,29,50,[20]]
Day 1377 - [17,32,35,42,43,[6]]
Day 1378 - [3,4,23,32,49,[8]]
Day 1379 - [3,5,21,42,46,[6]]
Day 1380 - [8,14,18,21,49,[11]]
Day 1381 - [1,2,4,19,24,[19]]
Day 1382 - [10,18,22,36,48,[2]]
Day 1383 - [7,23,31,38,43,[11]]
Day 1384 - [2,14,21,22,40,[19]]
Day 1385 - [18,20,41,47,50,[14]]
Day 1386 - [8,14,15,27,49,[16]]
Day 1387 - [12,19,22,27,37,[6]]
Day 1388 - [8,20,29,42,44,[16]]
Day 1389 - [21,22,27,41,43,[5]]
Day 1390 - [7,22,28,34,41,[10]]
Day 1391 - [6,27,33,45,46,[14]]
Day 1392 - [10,22,27,42,49,[19]]
Day 1393 - [7,20,41,42,49,[7]]
Day 1394 - [15,18,29,33,35,[12]]
Day 1395 - [9,15,21,22,26,[13]]
Day 1396 - [4,30,38,43,49,[19]]
Day 1397 - [16,20,33,37,44,[16]]
Day 1398 - [3,5,8,15,25,[16]]
Day 1399 - [2,3,6,12,49,[10]]
Day 1400 - [10,12,13,23,47,[16]]
Day 1401 - [20,21,28,35,44,[11]]
Day 1402 - [13,16,17,41,43,[18]]
Day 1403 - [2,20,24,29,43,[20]]
Day 1404 - [2,4,16,17,34,[19]]
Day 1405 - [5,11,30,40,47,[18]]
Day 1406 - [1,5,14,36,45,[19]]
Day 1407 - [3,16,22,42,49,[19]]
Day 1408 - [20,24,26,28,38,[13]]
Day 1409 - [4,9,21,22,41,[7]]
Day 1410 - [3,7,38,48,50,[16]]
Day 1411 - [1,4,5,12,25,[14]]
Day 1412 - [3,9,15,38,44,[12]]
Day 1413 - [5,17,22,27,37,[2]]
Day 1414 - [10,28,31,35,42,[1]]
Day 1415 - [13,21,26,30,50,[2]]
Day 1416 - [20,24,33,44,48,[6]]
Day 1417 - [19,37,41,43,47,[16]]
Day 1418 - [7,21,33,45,46,[12]]
Day 1419 - [9,17,27,36,37,[16]]
Day 1420 - [13,29,30,31,47,[8]]
Day 1421 - [8,21,25,26,29,[18]]
Day 1422 - [10,19,20,22,48,[19]]
Day 1423 - [1,22,31,32,41,[9]]
Day 1424 - [5,21,33,45,50,[5]]
Day 1425 - [19,21,25,31,48,[20]]
Day 1426 - [14,24,25,44,48,[4]]
Day 1427 - [2,6,11,20,47,[7]]
Day 1428 - [1,16,30,38,46,[10]]
Day 1429 - [19,27,28,37,43,[4]]
Day 1430 - [17,18,26,39,46,[4]]
Day 1431 - [30,35,42,43,44,[5]]
Day 1432 - [7,9,16,34,38,[11]]
Day 1433 - [1,3,6,7,16,[1]]
Day 1434 - [5,10,16,19,29,[10]]
Day 1435 - [3,4,7,13,24,[5]]
Day 1436 - [8,23,31,36,44,[17]]
Day 1437 - [1,3,8,33,49,[4]]
Day 1438 - [4,12,18,24,50,[12]]
Day 1439 - [5,8,14,35,36,[12]]
Day 1440 - [3,15,18,36,45,[20]]
Day 1441 - [3,21,28,35,46,[19]]
Day 1442 - [15,18,36,43,46,[18]]
Day 1443 - [8,9,19,26,27,[5]]
Day 1444 - [8,22,25,35,44,[2]]
Day 1445 - [6,14,27,31,47,[14]]
Day 1446 - [3,8,15,24,45,[14]]
Day 1447 - [19,21,25,41,49,[9]]
Day 1448 - [7,15,19,20,49,[10]]
Day 1449 - [9,11,39,41,44,[19]]
Day 1450 - [5,18,29,36,49,[18]]
Day 1451 - [3,7,13,18,42,[12]]
Day 1452 - [1,10,33,37,46,[4]]
Day 1453 - [16,17,21,31,36,[15]]
Day 1454 - [10,15,19,36,48,[4]]
Day 1455 - [1,8,24,26,31,[2]]
Day 1456 - [3,13,28,31,40,[15]]
Day 1457 - [3,18,21,37,46,[3]]
Day 1458 - [10,24,30,33,44,[20]]
Day 1459 - [4,20,24,30,42,[8]]
Day 1460 - [3,13,24,45,49,[10]]
Day 1461 - [21,32,40,41,47,[4]]
Day 1462 - [4,17,25,26,46,[5]]
Day 1463 - [16,18,44,46,48,[8]]
Day 1464 - [19,20,21,30,39,[12]]
Day 1465 - [2,22,24,32,33,[1]]
Day 1466 - [7,9,15,38,41,[17]]
Day 1467 - [16,24,34,38,44,[13]]
Day 1468 - [4,17,25,28,35,[2]]
Day 1469 - [24,27,29,34,38,[16]]
Day 1470 - [6,29,30,34,38,[12]]
Day 1471 - [17,21,38,48,49,[15]]
=== 2024 ===
Day 1472 - [9,20,23,46,50,[5]]
Day 1473 - [2,18,31,43,50,[7]]
Day 1474 - [12,20,24,33,43,[19]]
Day 1475 - [15,29,36,45,49,[5]]
Day 1476 - [5,29,40,42,47,[6]]
Day 1477 - [11,18,20,41,46,[15]]
Day 1478 - [9,16,21,26,39,[16]]
Day 1479 - [1,6,13,20,21,[12]]
Day 1480 - [1,8,30,39,44,[3]]
Day 1481 - [21,35,37,43,46,[19]]
Day 1482 - [2,6,10,18,28,[15]]
Day 1483 - [8,16,24,29,36,[17]]
Day 1484 - [13,15,30,32,46,[17]]
Day 1485 - [18,33,35,46,48,[16]]
Day 1486 - [4,13,16,21,32,[4]]
Day 1487 - [3,19,22,35,38,[17]]
Day 1488 - [12,13,33,39,43,[4]]
Day 1489 - [10,30,35,42,46,[10]]
Day 1490 - [2,4,23,27,31,[4]]
Day 1491 - [7,18,19,27,28,[14]]
Day 1492 - [2,18,21,47,48,[9]]
Day 1493 - [4,9,20,22,33,[20]]
Day 1494 - [7,15,19,26,36,[15]]
Day 1495 - [9,10,36,43,44,[7]]
Day 1496 - [11,15,35,41,45,[12]]
Day 1497 - [1,13,24,25,35,[4]]
Day 1498 - [13,20,28,39,47,[18]]
Day 1499 - [6,8,16,28,36,[18]]
Day 1500 - [5,7,31,36,42,[10]]
Day 1501 - [22,26,42,43,45,[20]]
Day 1502 - [6,14,26,32,41,[3]]
Day 1503 - [4,17,18,44,48,[19]]
Day 1504 - [13,20,26,37,42,[7]]
Day 1505 - [5,12,13,17,32,[12]]
Day 1506 - [5,8,14,33,36,[2]]
Day 1507 - [28,31,33,37,44,[2]]
Day 1508 - [2,4,10,39,40,[11]]
Day 1509 - [9,21,33,43,44,[10]]
Day 1510 - [4,9,39,41,44,[19]]
Day 1511 - [18,22,23,31,32,[18]]
Day 1512 - [3,9,16,26,38,[8]]
Day 1513 - [4,14,16,18,25,[11]]
Day 1514 - [2,3,23,39,45,[14]]
Day 1515 - [17,20,22,35,43,[7]]
Day 1516 - [4,15,38,41,42,[17]]
Day 1517 - [6,9,17,37,41,[19]]
Day 1518 - [12,22,25,43,50,[16]]
Day 1519 - [19,24,40,45,49,[7]]
Day 1520 - [9,13,18,45,49,[2]]
Day 1521 - [9,29,30,33,49,[10]]
Day 1522 - [3,32,40,42,49,[5]]
Day 1523 - [19,22,31,40,47,[5]]
Day 1524 - [6,15,20,32,42,[5]]
Day 1525 - [18,19,22,38,49,[15]]
Day 1526 - [2,7,19,31,45,[4]]
Day 1527 - [5,10,26,37,44,[15]]
Day 1528 - [2,10,22,48,49,[7]]
Day 1529 - [2,6,9,31,37,[6]]
Day 1530 - [3,11,16,26,48,[7]]
Day 1531 - [6,9,12,38,39,[17]]
Day 1532 - [7,15,20,32,46,[4]]
Day 1533 - [2,5,10,31,32,[11]]
Day 1534 - [5,31,34,40,46,[10]]
Day 1535 - [7,13,28,37,44,[6]]
Day 1536 - [6,34,35,42,46,[11]]
Day 1537 - [9,14,15,22,36,[1]]
Day 1538 - [5,7,13,23,40,[7]]
Day 1539 - [20,22,37,39,40,[7]]
Day 1540 - [13,35,39,42,49,[2]]
Day 1541 - [8,27,33,43,48,[14]]
Day 1542 - [2,9,30,38,47,[2]]
Day 1543 - [10,17,23,44,46,[4]]
Day 1544 - [16,17,18,47,48,[6]]
Day 1545 - [2,10,25,37,43,[7]]
Day 1546 - [23,26,43,44,49,[16]]
Day 1547 - [6,12,16,18,47,[19]]
Day 1548 - [19,23,30,31,38,[19]]
Day 1549 - [12,22,29,43,47,[10]]
Day 1550 - [3,10,14,25,39,[1]]
Day 1551 - [2,8,24,42,48,[17]]
Day 1552 - [3,13,31,37,40,[9]]
Day 1553 - [3,8,13,46,48,[11]]
Day 1554 - [14,32,35,39,44,[17]]
Day 1555 - [4,12,28,33,48,[14]]
Day 1556 - [2,23,27,45,49,[12]]
Day 1557 - [10,38,39,42,49,[17]]
Day 1558 - [1,19,30,37,40,[16]]
Day 1559 - [3,12,17,29,38,[18]]
Day 1560 - [10,14,20,36,43,[17]]
Day 1561 - [4,5,29,35,45,[7]]
Day 1562 - [4,5,18,39,42,[14]]
Day 1563 - [5,18,21,23,31,[18]]
Day 1564 - [3,11,17,21,37,[6]]
Day 1565 - [15,17,19,43,49,[8]]
Day 1566 - [12,18,22,36,38,[12]]
Day 1567 - [5,16,27,32,40,[1]]
Day 1568 - [6,9,11,23,27,[10]]
Day 1569 - [5,15,19,32,35,[11]]
Day 1570 - [1,6,29,39,44,[17]]
Day 1571 - [3,28,39,40,49,[14]]
Day 1572 - [12,21,28,32,40,[12]]
Day 1573 - [1,16,20,41,48,[8]]
Day 1574 - [5,7,8,12,18,[9]]
Day 1575 - [6,10,23,30,47,[18]]
Day 1576 - [1,26,31,32,47,[2]]
=== 2025 ===
Day 1577 - [6,9,10,25,47,[1]]
Day 1578 - [9,12,27,39,42,[18]]
Day 1579 - [10,14,33,44,47,[2]]
Day 1580 - [20,23,30,34,44,[7]]
Day 1581 - [4,11,27,39,40,[8]]
Day 1582 - [1,2,15,23,37,[4]]
Day 1583 - [12,15,24,43,49,[18]]
Day 1584 - [17,21,26,42,43,[14]]
Day 1585 - [3,27,36,40,47,[15]]
Day 1586 - [19,23,27,41,49,[8]]
Day 1587 - [7,30,34,42,49,[1]]
Day 1588 - [7,15,21,23,33,[13]]
Day 1589 - [2,8,25,37,44,[18]]
Day 1590 - [16,19,34,36,43,[16]]
Day 1591 - [2,3,15,17,42,[5]]
Day 1592 - [18,23,27,34,44,[18]]
Day 1593 - [11,19,20,21,44,[6]]
Day 1594 - [20,23,35,43,50,[15]]
Day 1595 - [12,13,16,28,46,[3]]
Day 1596 - [8,28,30,44,48,[2]]
Day 1597 - [7,32,38,45,46,[2]]
Day 1598 - [15,22,29,35,43,[10]]
Day 1599 - [9,16,24,32,50,[19]]
Day 1600 - [22,32,38,39,40,[10]]
Day 1601 - [1,6,13,14,35,[3]]
Day 1602 - [1,6,12,13,36,[7]]
Day 1603 - [8,20,35,36,38,[2]]
Day 1604 - [1,16,23,37,42,[6]]
Day 1605 - [5,12,14,22,48,[18]]
Day 1606 - [19,24,38,40,41,[2]]
Day 1607 - [15,17,22,33,45,[12]]
Day 1608 - [18,32,33,38,43,[9]]
Day 1609 - [5,9,13,46,47,[11]]
Day 1610 - [5,14,32,33,45,[13]]
Day 1611 - [2,6,17,37,47,[9]]
Day 1612 - [19,20,32,35,37,[19]]
Day 1613 - [5,6,14,38,50,[10]]
Day 1614 - [11,21,29,37,39,[12]]
Day 1615 - [9,16,20,28,39,[19]]
Day 1616 - [13,26,31,32,47,[18]]
Day 1617 - [1,17,18,27,49,[15]]
Day 1618 - [13,22,33,38,50,[15]]
Day 1619 - [10,13,34,43,46,[1]]
Day 1620 - [5,26,40,47,50,[14]]
Day 1621 - [9,24,34,41,44,[2]]
Day 1622 - [5,11,23,29,48,[1]]
Day 1623 - [1,21,34,46,47,[12]]
Day 1624 - [5,23,26,38,43,[4]]
Day 1625 - [22,23,25,29,42,[8]]
Day 1626 - [2,22,27,36,39,[19]]
Day 1627 - [11,23,32,41,47,[17]]
Day 1628 - [8,9,26,30,31,[8]]
Day 1629 - [15,16,22,30,32,[7]]
Day 1630 - [14,19,37,44,48,[17]]
Day 1631 - [1,7,8,15,20,[15]]
Day 1632 - [5,21,26,28,39,[6]]
Day 1633 - [10,15,26,31,41,[5]]
Day 1634 - [3,8,10,27,49,[1]]
Day 1635 - [3,29,35,39,42,[5]]
Day 1636 - [4,17,20,24,30,[19]]
Day 1637 - [5,31,33,34,40,[13]]
Day 1638 - [10,32,34,40,48,[14]]
Day 1639 - [13,26,39,41,48,[18]]
Day 1640 - [8,10,20,41,48,[4]]
Day 1641 - [4,11,19,32,33,[12]]
Day 1642 - [2,10,22,27,40,[17]]
Day 1643 - [4,10,27,37,50,[18]]
Day 1644 - [13,19,24,44,50,[15]]
Day 1645 - [12,14,29,45,50,[15]]
Day 1646 - [20,31,33,34,50,[6]]
Day 1647 - [22,30,33,35,38,[20]]
Day 1648 - [21,28,40,43,45,[13]]
Day 1649 - [17,23,25,26,37,[18]]
Day 1650 - [22,24,26,33,35,[7]]
Day 1651 - [2,16,24,41,47,[19]]
Day 1652 - [10,23,32,43,45,[18]]
Day 1653 - [3,13,19,24,40,[12]]
Day 1654 - [14,22,25,37,46,[4]]
Day 1655 - [12,14,33,41,44,[10]]
Day 1656 - [13,18,21,23,24,[16]]
Day 1657 - [6,10,40,44,50,[11]]
Day 1658 - [5,25,31,40,41,[20]]
Day 1659 - [18,27,29,32,45,[16]]
Day 1660 - [7,10,16,21,30,[11]]
Day 1661 - [15,18,24,32,44,[20]]
Day 1662 - [2,13,31,32,42,[1]]
Day 1663 - [19,24,25,30,49,[6]]
Day 1664 - [5,20,22,28,46,[1]]
Day 1665 - [7,33,40,41,49,[10]]
Day 1666 - [9,13,17,47,49,[8]]
Day 1667 - [16,28,32,36,48,[13]]
Day 1668 - [23,30,42,45,50,[19]]
Day 1669 - [1,28,39,49,50,[6]]
Day 1670 - [15,24,28,31,37,[16]]
Day 1671 - [3,17,28,29,34,[1]]
Day 1672 - [16,21,33,39,46,[12]]
Day 1673 - [12,20,27,35,46,[9]]
Day 1674 - [11,36,41,43,46,[8]]
Day 1675 - [17,18,30,42,50,[3]]
Day 1676 - [11,17,18,35,50,[7]]
Day 1677 - [2,11,15,16,30,[15]]
Day 1678 - [3,12,29,46,49,[3]]
Day 1679 - [18,20,35,46,48,[2]]
Day 1680 - [6,13,14,42,45,[11]]
=== 2026 ===
Day 1681 - [17,18,35,38,39,[9]]
Day 1682 - [9,12,13,30,34,[2]]
Day 1683 - [11,20,35,42,50,[7]]
Day 1684 - [21,32,33,39,50,[3]]
Day 1685 - [8,22,36,39,47,[20]]
Day 1686 - [2,3,16,17,35,[5]]
Day 1687 - [4,16,24,29,31,[15]]
Day 1688 - [11,13,28,43,48,[3]]
Day 1689 - [19,26,31,33,39,[2]]
Day 1690 - [2,11,20,40,49,[2]]
Day 1691 - [6,13,21,28,31,[5]]
Day 1692 - [17,23,25,39,49,[11]]
Day 1693 - [4,10,23,26,37,[20]]
Day 1694 - [5,15,23,24,42,[5]]
Day 1695 - [17,19,25,28,35,[17]]
Day 1696 - [19,23,33,34,41,[9]]
Day 1697 - [11,14,24,32,43,[2]]
Day 1698 - [1,9,29,38,43,[15]]
Day 1699 - [10,11,15,18,50,[11]]
Day 1700 - [1,5,13,20,25,[14]]
Day 1701 - [1,3,27,45,50,[17]]
Day 1702 - [10,13,40,47,48,[5]]
Day 1703 - [5,8,11,17,41,[2]]
Day 1704 - [11,13,19,22,39,[1]]
Day 1705 - [6,12,25,28,36,[15]]
Day 1706 - [5,13,15,24,43,[6]]
Day 1707 - [1,14,25,29,41,[18]]
Day 1708 - [16,17,18,22,41,[10]]
Day 1709 - [27,36,38,40,48,[17]]
Day 1710 - [2,6,16,30,31,[6]]
Day 1711 - [17,26,39,43,45,[2]]
Day 1712 - [5,13,31,32,47,[3]]
Day 1713 - [16,19,24,25,41,[20]]
Day 1714 - [5,17,38,44,47,[2]]
Day 1715 - [15,17,27,29,35,[12]]
Day 1716 - [1,4,5,22,28,[5]]
Day 1717 - [1,32,40,43,48,[9]]
Day 1718 - [25,30,32,33,46,[6]]
Day 1719 - [20,24,29,38,39,[11]]
Day 1720 - [19,24,29,47,48,[4]]
Day 1721 - [6,8,16,22,25,[18]]
Day 1722 - [1,9,30,31,47,[3]]
Day 1723 - [9,14,16,25,30,[14]]
Day 1724 - [2,10,22,28,49,[7]]
Day 1725 - [2,16,33,37,43,[6]]
Day 1726 - [5,8,12,19,48,[1]]
Day 1727 - [7,23,27,30,45,[6]]
Day 1728 - [2,19,20,40,43,[11]]
Day 1729 - [9,10,27,37,44,[13]]
Day 1730 - [16,25,32,33,50,[11]]
Day 1731 - [17,26,37,40,45,[13]]
Day 1732 - [21,26,40,42,44,[15]]
Day 1733 - [9,14,27,32,34,[15]]
Day 1734 - [16,18,21,29,47,[11]]
Day 1735 - [2,12,13,20,23,[12]]
Day 1736 - [9,13,21,36,40,[4]]
Day 1737 - [6,9,31,37,42,[4]]
Day 1738 - [15,40,41,47,50,[16]]
Day 1739 - [4,8,13,22,38,[1]]
Day 1740 - [3,12,27,36,47,[15]]
Day 1741 - [10,11,37,45,46,[11]]
Day 1742 - [16,24,29,34,38,[15]]
Day 1743 - [8,22,31,39,40,[5]]
Day 1744 - [3,14,26,40,48,[10]]
