=== 2010 ===
Day 1 - [14,21,28,31,37,38,[16]]
Day 2 - [3,25,26,29,33,38,[13]]
Day 3 - [4,18,24,29,41,45,[19]]
Day 4 - [4,23,26,27,38,45,[2]]
Day 5 - [16,24,27,38,44,48,[28]]
Day 6 - [4,7,11,12,16,49,[45]]
Day 7 - [6,10,11,21,41,43,[49]]
Day 8 - [10,24,29,33,44,47,[11]]
Day 9 - [11,17,24,42,43,47,[5]]
Day 10 - [1,10,29,31,33,49,[26]]
Day 11 - [6,16,29,31,37,48,[3]]
Day 12 - [12,18,19,22,45,47,[41]]
Day 13 - [17,18,20,30,40,42,[36]]
Day 14 - [3,7,10,12,25,27,[5]]
Day 15 - [7,8,17,18,34,35,[31]]
Day 16 - [7,32,36,44,45,46,[16]]
Day 17 - [4,9,13,21,41,44,[38]]
Day 18 - [9,10,14,22,25,26,[24]]
Day 19 - [26,30,35,38,43,45,[5]]
Day 20 - [8,11,14,18,23,48,[44]]
Day 21 - [4,5,19,21,40,43,[7]]
Day 22 - [24,33,34,43,48,49,[29]]
Day 23 - [6,12,20,28,38,43,[23]]
Day 24 - [2,6,11,16,45,46,[40]]
Day 25 - [15,17,42,44,45,47,[30]]
Day 26 - [3,9,18,24,33,41,[5]]
Day 27 - [19,26,32,40,42,47,[20]]
Day 28 - [16,18,19,24,41,45,[48]]
Day 29 - [2,4,6,15,27,45,[40]]
Day 30 - [1,10,12,19,39,49,[26]]
Day 31 - [8,9,16,22,25,31,[29]]
Day 32 - [9,10,16,17,18,46,[41]]
Day 33 - [1,3,4,13,16,39,[48]]
Day 34 - [10,16,20,41,42,48,[25]]
Day 35 - [4,9,13,26,42,44,[22]]
Day 36 - [7,8,11,14,18,21,[41]]
Day 37 - [12,20,22,27,38,44,[13]]
Day 38 - [18,21,33,42,43,46,[49]]
Day 39 - [6,7,21,34,44,45,[31]]
Day 40 - [20,26,30,32,34,41,[25]]
Day 41 - [3,5,9,14,20,36,[43]]
Day 42 - [11,18,39,40,42,44,[28]]
Day 43 - [3,4,6,19,21,42,[32]]
Day 44 - [1,6,11,16,37,45,[5]]
Day 45 - [9,16,23,26,38,47,[7]]
Day 46 - [4,17,23,26,30,49,[9]]
Day 47 - [8,10,12,23,25,45,[46]]
Day 48 - [2,27,30,43,44,49,[41]]
Day 49 - [7,21,23,27,45,49,[47]]
Day 50 - [9,23,34,37,38,43,[11]]
Day 51 - [5,16,18,24,32,38,[49]]
Day 52 - [2,6,23,35,39,47,[26]]
Day 53 - [1,18,38,39,45,49,[26]]
Day 54 - [6,8,24,32,45,47,[21]]
Day 55 - [2,4,19,27,31,49,[26]]
Day 56 - [6,21,27,32,37,49,[18]]
Day 57 - [5,10,13,15,26,38,[31]]
Day 58 - [10,13,24,26,41,46,[5]]
Day 59 - [17,33,38,41,44,46,[3]]
Day 60 - [3,5,11,14,19,49,[23]]
Day 61 - [8,14,20,22,28,49,[17]]
Day 62 - [2,11,15,21,39,42,[40]]
Day 63 - [9,10,18,46,47,49,[15]]
Day 64 - [1,14,20,26,39,46,[7]]
Day 65 - [5,6,16,26,46,49,[2]]
Day 66 - [22,24,27,36,40,43,[15]]
Day 67 - [10,13,14,26,29,31,[24]]
Day 68 - [1,4,6,22,40,45,[39]]
Day 69 - [8,12,33,34,37,44,[38]]
Day 70 - [13,37,39,41,43,46,[28]]
Day 71 - [15,21,23,31,34,48,[44]]
Day 72 - [9,12,13,15,18,47,[21]]
Day 73 - [13,20,31,32,36,38,[19]]
Day 74 - [14,24,26,27,38,46,[25]]
Day 75 - [13,18,25,27,43,45,[36]]
Day 76 - [2,7,21,22,33,38,[11]]
Day 77 - [1,5,13,16,22,24,[37]]
Day 78 - [1,3,4,14,30,49,[29]]
Day 79 - [1,2,19,23,33,37,[16]]
Day 80 - [1,10,13,17,20,47,[24]]
Day 81 - [6,11,19,32,37,47,[34]]
Day 82 - [4,12,13,17,20,38,[8]]
Day 83 - [4,21,22,25,37,47,[13]]
Day 84 - [6,18,19,29,44,46,[32]]
Day 85 - [8,12,17,19,20,36,[39]]
Day 86 - [1,8,13,19,23,33,[24]]
Day 87 - [5,12,17,29,30,39,[26]]
Day 88 - [12,16,17,19,27,44,[5]]
Day 89 - [13,20,21,34,41,45,[1]]
Day 90 - [12,19,25,26,28,40,[38]]
Day 91 - [15,23,26,40,42,46,[14]]
Day 92 - [18,22,33,35,41,46,[31]]
Day 93 - [7,17,34,37,38,39,[36]]
Day 94 - [8,10,14,33,45,48,[34]]
Day 95 - [1,9,23,27,28,31,[22]]
Day 96 - [1,8,15,24,40,42,[33]]
Day 97 - [6,10,17,27,30,32,[7]]
Day 98 - [6,19,24,26,38,49,[32]]
Day 99 - [2,3,11,16,30,37,[46]]
Day 100 - [6,13,28,32,37,49,[8]]
Day 101 - [6,8,30,31,42,48,[45]]
Day 102 - [2,9,11,14,27,32,[38]]
Day 103 - [31,33,39,41,42,48,[24]]
=== 2011 ===
Day 104 - [22,24,30,31,41,48,[7]]
Day 105 - [1,4,8,12,20,33,[19]]
Day 106 - [10,12,26,39,40,44,[3]]
Day 107 - [5,13,28,33,34,42,[43]]
Day 108 - [1,3,20,30,34,46,[2]]
Day 109 - [5,7,15,23,29,33,[43]]
Day 110 - [2,8,10,29,33,46,[13]]
Day 111 - [22,26,31,35,37,40,[16]]
Day 112 - [6,7,16,31,32,38,[8]]
Day 113 - [2,5,6,13,32,49,[18]]
Day 114 - [8,9,13,17,19,27,[10]]
Day 115 - [1,9,20,22,23,26,[21]]
Day 116 - [8,12,25,35,46,47,[39]]
Day 117 - [3,20,29,35,44,46,[18]]
Day 118 - [16,17,19,25,26,48,[46]]
Day 119 - [6,11,21,29,31,34,[42]]
Day 120 - [10,19,24,27,38,49,[47]]
Day 121 - [2,10,22,39,46,47,[5]]
Day 122 - [13,14,15,23,24,47,[32]]
Day 123 - [1,8,12,21,31,46,[47]]
Day 124 - [15,29,31,35,41,48,[6]]
Day 125 - [4,5,26,30,32,48,[44]]
Day 126 - [3,10,14,35,37,40,[25]]
Day 127 - [3,7,13,18,24,43,[46]]
Day 128 - [3,14,17,26,37,49,[42]]
Day 129 - [5,8,17,41,45,46,[15]]
Day 130 - [1,2,9,17,20,28,[44]]
Day 131 - [4,12,16,21,22,34,[41]]
Day 132 - [12,36,38,39,42,47,[24]]
Day 133 - [15,16,18,20,21,35,[25]]
Day 134 - [10,19,24,34,38,48,[16]]
Day 135 - [3,6,13,21,42,49,[19]]
Day 136 - [2,5,10,18,25,32,[3]]
Day 137 - [7,10,13,14,21,31,[39]]
Day 138 - [3,27,34,35,36,39,[10]]
Day 139 - [20,28,37,39,46,48,[16]]
Day 140 - [2,17,22,25,42,47,[37]]
Day 141 - [8,12,14,15,18,46,[19]]
Day 142 - [2,5,22,29,34,46,[33]]
Day 143 - [12,22,23,39,44,47,[7]]
Day 144 - [5,12,17,24,29,30,[6]]
Day 145 - [6,23,25,39,48,49,[14]]
Day 146 - [4,10,14,22,40,41,[36]]
Day 147 - [21,35,36,41,44,48,[2]]
Day 148 - [7,13,18,21,40,41,[46]]
Day 149 - [7,15,18,23,25,41,[5]]
Day 150 - [20,27,28,34,38,45,[21]]
Day 151 - [4,5,9,10,15,25,[33]]
Day 152 - [5,14,16,23,29,34,[10]]
Day 153 - [7,17,20,25,29,39,[40]]
Day 154 - [9,18,19,22,32,43,[27]]
Day 155 - [24,33,38,39,45,47,[18]]
Day 156 - [9,21,25,27,44,49,[13]]
Day 157 - [6,10,25,27,30,40,[23]]
Day 158 - [6,12,17,18,20,43,[24]]
Day 159 - [1,7,8,17,39,47,[38]]
Day 160 - [4,7,17,43,45,48,[5]]
Day 161 - [12,28,33,36,38,39,[44]]
Day 162 - [2,20,23,27,31,49,[12]]
Day 163 - [20,21,33,40,41,44,[5]]
Day 164 - [4,13,23,33,39,48,[10]]
Day 165 - [3,7,11,28,43,44,[21]]
Day 166 - [9,13,18,23,35,39,[38]]
Day 167 - [20,21,34,39,47,49,[41]]
Day 168 - [11,20,22,23,28,33,[47]]
Day 169 - [1,2,20,21,42,49,[5]]
Day 170 - [3,26,28,41,42,45,[46]]
Day 171 - [3,18,21,31,42,45,[25]]
Day 172 - [13,16,32,36,44,45,[10]]
Day 173 - [16,20,25,32,38,44,[21]]
Day 174 - [2,8,12,31,47,49,[5]]
Day 175 - [7,15,23,24,43,47,[31]]
Day 176 - [2,5,13,24,26,31,[12]]
Day 177 - [8,12,15,44,46,47,[35]]
Day 178 - [2,4,5,8,16,29,[23]]
Day 179 - [10,19,26,27,30,36,[15]]
Day 180 - [9,10,22,28,32,49,[48]]
Day 181 - [6,16,21,38,41,48,[44]]
Day 182 - [11,13,15,16,20,25,[29]]
Day 183 - [5,15,21,29,38,47,[37]]
Day 184 - [11,12,24,25,38,43,[36]]
Day 185 - [2,8,9,19,25,47,[13]]
Day 186 - [22,23,26,29,35,41,[43]]
Day 187 - [2,11,20,39,44,45,[33]]
Day 188 - [6,10,15,27,33,39,[36]]
Day 189 - [6,18,22,27,29,41,[3]]
Day 190 - [3,5,11,13,14,34,[42]]
Day 191 - [10,11,12,20,34,39,[36]]
Day 192 - [5,16,33,36,39,40,[41]]
Day 193 - [1,13,14,17,29,41,[24]]
Day 194 - [2,8,14,33,41,46,[4]]
Day 195 - [7,11,28,35,43,44,[46]]
Day 196 - [1,24,30,40,43,44,[13]]
Day 197 - [8,19,27,33,39,47,[46]]
Day 198 - [2,6,7,11,23,45,[27]]
Day 199 - [3,25,29,35,44,48,[17]]
Day 200 - [6,21,29,31,34,39,[3]]
Day 201 - [4,8,20,21,39,44,[36]]
Day 202 - [22,28,32,44,46,47,[33]]
Day 203 - [4,19,36,37,38,48,[15]]
Day 204 - [25,26,29,31,35,47,[22]]
Day 205 - [15,20,22,29,36,48,[37]]
Day 206 - [25,26,29,37,39,42,[12]]
Day 207 - [5,6,7,8,19,21,[48]]
Day 208 - [2,7,13,18,24,49,[28]]
=== 2012 ===
Day 209 - [3,30,33,36,45,46,[26]]
Day 210 - [5,7,11,20,27,36,[49]]
Day 211 - [3,4,10,14,32,33,[25]]
Day 212 - [2,6,9,30,37,40,[19]]
Day 213 - [21,24,31,33,40,43,[4]]
Day 214 - [5,6,25,34,36,39,[33]]
Day 215 - [5,10,17,23,37,45,[15]]
Day 216 - [4,5,8,13,25,39,[28]]
Day 217 - [9,11,12,20,31,34,[13]]
Day 218 - [9,24,34,37,44,46,[4]]
Day 219 - [1,4,12,15,42,44,[21]]
Day 220 - [4,8,19,38,43,45,[32]]
Day 221 - [11,13,17,21,31,38,[8]]
Day 222 - [2,28,29,30,32,40,[14]]
Day 223 - [6,19,32,38,39,46,[41]]
Day 224 - [3,10,15,23,33,38,[41]]
Day 225 - [6,12,13,24,34,35,[37]]
Day 226 - [9,15,20,29,33,41,[3]]
Day 227 - [14,21,27,29,44,47,[26]]
Day 228 - [7,15,35,39,40,44,[10]]
Day 229 - [2,17,24,26,28,40,[13]]
Day 230 - [13,14,18,43,47,48,[32]]
Day 231 - [14,15,21,35,47,48,[20]]
Day 232 - [2,15,16,17,18,47,[4]]
Day 233 - [4,6,8,10,35,40,[3]]
Day 234 - [2,19,22,30,32,48,[18]]
Day 235 - [7,9,12,19,35,46,[10]]
Day 236 - [9,13,31,34,42,43,[27]]
Day 237 - [9,15,27,32,36,44,[8]]
Day 238 - [4,5,17,27,43,49,[13]]
Day 239 - [1,3,4,12,13,23,[11]]
Day 240 - [6,8,9,22,25,40,[11]]
Day 241 - [6,28,40,43,45,47,[3]]
Day 242 - [14,26,32,42,44,48,[20]]
Day 243 - [9,25,28,35,41,46,[20]]
Day 244 - [3,13,17,27,28,48,[1]]
Day 245 - [18,22,35,39,41,43,[26]]
Day 246 - [5,24,29,33,40,47,[14]]
Day 247 - [6,12,32,37,39,43,[34]]
Day 248 - [8,14,16,18,40,41,[11]]
Day 249 - [3,6,11,16,29,42,[31]]
Day 250 - [2,13,24,34,40,47,[6]]
Day 251 - [3,20,22,34,38,46,[12]]
Day 252 - [4,10,31,33,36,37,[29]]
Day 253 - [6,17,24,32,34,49,[26]]
Day 254 - [9,11,15,26,40,48,[17]]
Day 255 - [9,14,16,20,41,43,[13]]
Day 256 - [8,17,19,21,39,44,[31]]
Day 257 - [24,25,27,28,29,46,[1]]
Day 258 - [11,16,23,24,36,48,[45]]
Day 259 - [15,24,27,39,46,49,[18]]
Day 260 - [5,8,15,17,25,44,[7]]
Day 261 - [7,10,16,21,31,48,[38]]
Day 262 - [6,11,26,28,29,43,[35]]
Day 263 - [4,8,21,31,33,48,[7]]
Day 264 - [12,20,22,27,40,44,[7]]
Day 265 - [2,7,12,25,30,39,[13]]
Day 266 - [5,7,30,31,32,48,[13]]
Day 267 - [20,24,30,40,41,44,[21]]
Day 268 - [6,26,29,33,35,38,[39]]
Day 269 - [6,11,12,22,44,48,[37]]
Day 270 - [5,17,18,24,28,42,[2]]
Day 271 - [16,18,22,24,30,40,[48]]
Day 272 - [2,11,12,22,27,37,[9]]
Day 273 - [1,5,15,16,18,20,[12]]
Day 274 - [2,23,30,44,46,47,[28]]
Day 275 - [19,22,29,35,48,49,[36]]
Day 276 - [2,5,12,13,22,35,[33]]
Day 277 - [3,12,15,24,36,43,[21]]
Day 278 - [9,17,24,26,35,41,[11]]
Day 279 - [4,6,7,16,35,49,[26]]
Day 280 - [5,12,17,29,39,42,[27]]
Day 281 - [15,18,27,28,29,46,[13]]
Day 282 - [12,15,24,33,40,47,[30]]
Day 283 - [1,12,35,46,47,49,[13]]
Day 284 - [1,4,5,13,18,43,[22]]
Day 285 - [1,6,17,20,23,29,[47]]
Day 286 - [7,24,34,35,39,46,[44]]
Day 287 - [8,12,25,33,35,36,[30]]
Day 288 - [7,13,21,27,36,39,[24]]
Day 289 - [8,13,14,25,35,37,[20]]
Day 290 - [10,11,16,18,24,37,[19]]
Day 291 - [6,14,20,26,30,42,[44]]
Day 292 - [1,2,22,31,40,44,[17]]
Day 293 - [7,16,20,24,33,41,[29]]
Day 294 - [1,3,6,7,10,38,[19]]
Day 295 - [3,5,13,14,25,27,[19]]
Day 296 - [7,8,20,28,41,42,[14]]
Day 297 - [3,8,17,18,37,44,[12]]
Day 298 - [19,29,33,35,39,45,[34]]
Day 299 - [1,13,28,31,40,49,[37]]
Day 300 - [3,4,8,21,33,34,[22]]
Day 301 - [18,21,28,30,35,39,[19]]
Day 302 - [7,11,13,21,22,24,[17]]
Day 303 - [2,10,28,29,35,43,[41]]
Day 304 - [6,11,16,30,33,35,[39]]
Day 305 - [5,8,14,30,32,40,[11]]
Day 306 - [2,11,14,19,43,47,[45]]
Day 307 - [3,7,16,19,28,43,[20]]
Day 308 - [2,17,32,39,47,49,[48]]
Day 309 - [14,33,34,42,47,48,[5]]
Day 310 - [4,15,24,34,40,47,[2]]
Day 311 - [6,17,27,41,46,48,[29]]
Day 312 - [1,3,8,17,20,22,[29]]
=== 2013 ===
Day 313 - [5,10,19,24,32,39,[40]]
Day 314 - [8,9,10,14,15,27,[42]]
Day 315 - [14,16,17,18,21,29,[2]]
Day 316 - [2,5,21,30,36,41,[44]]
Day 317 - [3,12,21,26,33,46,[32]]
Day 318 - [7,15,23,28,29,49,[2]]
Day 319 - [2,3,25,35,38,39,[44]]
Day 320 - [4,31,36,39,41,44,[12]]
Day 321 - [3,4,16,26,28,30,[37]]
Day 322 - [1,10,16,27,30,35,[18]]
Day 323 - [8,18,20,25,37,38,[5]]
Day 324 - [12,26,27,30,33,39,[5]]
Day 325 - [2,15,43,46,47,48,[12]]
Day 326 - [8,17,18,23,43,45,[44]]
Day 327 - [11,15,21,22,30,34,[36]]
Day 328 - [4,9,21,39,41,43,[26]]
Day 329 - [17,21,22,30,31,32,[23]]
Day 330 - [1,14,15,39,41,43,[26]]
Day 331 - [28,29,40,42,43,44,[12]]
Day 332 - [2,16,33,38,42,48,[7]]
Day 333 - [12,27,30,33,37,40,[47]]
Day 334 - [2,12,23,29,37,47,[40]]
Day 335 - [5,18,28,31,43,49,[30]]
Day 336 - [5,17,26,29,34,44,[13]]
Day 337 - [6,17,19,31,42,43,[9]]
Day 338 - [17,30,33,36,38,46,[1]]
Day 339 - [6,16,31,32,42,48,[5]]
Day 340 - [12,22,24,25,36,37,[44]]
Day 341 - [3,10,12,41,46,47,[27]]
Day 342 - [10,12,35,40,47,49,[19]]
Day 343 - [1,8,27,33,45,49,[5]]
Day 344 - [3,8,12,14,23,37,[21]]
Day 345 - [1,3,4,23,40,42,[8]]
Day 346 - [4,5,9,11,39,40,[22]]
Day 347 - [9,32,33,39,46,47,[42]]
Day 348 - [2,39,40,45,46,47,[15]]
Day 349 - [5,7,8,21,28,40,[26]]
Day 350 - [8,26,27,35,42,49,[39]]
Day 351 - [8,21,26,27,34,43,[10]]
Day 352 - [3,8,15,19,35,45,[23]]
Day 353 - [10,18,19,22,30,48,[34]]
Day 354 - [15,23,27,36,41,49,[37]]
Day 355 - [14,15,24,33,34,36,[11]]
Day 356 - [1,5,12,17,22,43,[36]]
Day 357 - [5,13,17,27,47,49,[34]]
Day 358 - [2,18,23,36,43,46,[9]]
Day 359 - [11,19,23,27,33,37,[32]]
Day 360 - [5,16,17,44,45,48,[19]]
Day 361 - [20,23,26,27,44,46,[5]]
Day 362 - [3,21,36,42,43,44,[27]]
Day 363 - [1,9,11,12,13,25,[42]]
Day 364 - [6,8,17,28,37,49,[27]]
Day 365 - [2,6,26,29,31,37,[24]]
Day 366 - [8,11,25,29,40,48,[28]]
Day 367 - [8,9,21,37,40,46,[20]]
Day 368 - [8,19,25,32,45,48,[36]]
Day 369 - [2,5,10,15,41,49,[24]]
Day 370 - [3,17,26,35,43,45,[8]]
Day 371 - [12,21,22,24,34,41,[49]]
Day 372 - [18,19,31,34,40,42,[48]]
Day 373 - [6,9,18,22,28,39,[7]]
Day 374 - [13,18,19,23,33,41,[4]]
Day 375 - [7,12,21,34,41,46,[23]]
Day 376 - [4,5,16,18,38,40,[35]]
Day 377 - [18,20,21,32,33,35,[6]]
Day 378 - [15,16,17,25,26,46,[13]]
Day 379 - [11,22,23,25,34,41,[29]]
Day 380 - [5,22,29,35,36,40,[21]]
Day 381 - [17,21,23,29,30,45,[44]]
Day 382 - [7,8,19,24,41,47,[1]]
Day 383 - [5,10,17,18,23,40,[8]]
Day 384 - [13,16,29,35,41,43,[10]]
Day 385 - [1,2,3,30,33,45,[36]]
Day 386 - [7,14,16,27,42,43,[10]]
Day 387 - [3,9,11,25,35,36,[2]]
Day 388 - [1,20,33,37,41,45,[44]]
Day 389 - [3,9,13,20,40,41,[15]]
Day 390 - [1,9,15,16,21,47,[18]]
Day 391 - [3,8,22,27,30,45,[6]]
Day 392 - [2,8,14,15,41,43,[25]]
Day 393 - [7,8,12,24,30,39,[48]]
Day 394 - [6,17,21,31,34,36,[47]]
Day 395 - [27,31,39,40,44,45,[15]]
Day 396 - [1,19,33,38,41,42,[13]]
Day 397 - [14,18,24,31,38,46,[2]]
Day 398 - [7,9,10,11,46,48,[34]]
Day 399 - [11,23,25,28,34,37,[26]]
Day 400 - [1,7,13,25,30,46,[24]]
Day 401 - [17,20,32,36,37,41,[42]]
Day 402 - [8,9,11,12,23,38,[29]]
Day 403 - [1,18,33,36,38,41,[3]]
Day 404 - [16,18,37,42,43,45,[29]]
Day 405 - [4,8,9,12,43,49,[26]]
Day 406 - [4,19,29,34,40,45,[18]]
Day 407 - [1,13,19,23,27,42,[36]]
Day 408 - [3,4,9,21,27,31,[49]]
Day 409 - [3,6,7,11,15,48,[30]]
Day 410 - [15,26,27,28,30,39,[5]]
Day 411 - [5,24,29,38,40,49,[19]]
Day 412 - [14,18,21,27,35,48,[44]]
Day 413 - [4,6,9,16,20,31,[32]]
Day 414 - [28,33,34,43,46,48,[23]]
Day 415 - [1,26,27,35,45,48,[47]]
=== 2014 ===
Day 416 - [12,16,18,35,36,43,[17]]
Day 417 - [13,20,22,24,46,48,[35]]
Day 418 - [3,14,22,29,48,49,[18]]
Day 419 - [4,14,26,34,39,49,[10]]
Day 420 - [3,13,19,27,28,38,[25]]
Day 421 - [13,19,28,29,37,39,[25]]
Day 422 - [1,2,18,28,33,48,[43]]
Day 423 - [7,14,27,29,36,48,[23]]
Day 424 - [2,13,15,36,40,43,[23]]
Day 425 - [7,39,42,43,44,47,[13]]
Day 426 - [2,18,24,25,37,38,[28]]
Day 427 - [8,16,32,34,38,42,[11]]
Day 428 - [6,11,23,28,45,47,[33]]
Day 429 - [3,16,32,33,44,48,[43]]
Day 430 - [1,2,23,28,37,41,[10]]
Day 431 - [2,3,9,15,18,31,[25]]
Day 432 - [7,18,34,39,41,42,[23]]
Day 433 - [8,13,21,37,43,47,[14]]
Day 434 - [4,20,23,30,33,34,[42]]
Day 435 - [6,9,24,40,48,49,[21]]
Day 436 - [1,31,35,42,45,46,[18]]
Day 437 - [3,6,23,28,30,38,[32]]
Day 438 - [2,9,21,29,42,47,[3]]
Day 439 - [16,32,35,37,42,47,[49]]
Day 440 - [3,23,30,36,37,44,[49]]
Day 441 - [9,13,17,30,36,45,[40]]
Day 442 - [9,11,14,33,37,48,[31]]
Day 443 - [16,17,33,34,44,45,[2]]
Day 444 - [1,2,22,25,27,36,[15]]
Day 445 - [14,18,32,35,37,45,[9]]
Day 446 - [12,13,23,35,36,49,[6]]
Day 447 - [9,20,23,33,38,44,[39]]
Day 448 - [14,20,26,39,42,48,[3]]
Day 449 - [21,28,30,35,39,41,[37]]
Day 450 - [18,20,21,26,35,45,[25]]
Day 451 - [13,14,22,26,30,34,[48]]
Day 452 - [9,15,19,22,48,49,[10]]
Day 453 - [1,5,7,28,34,41,[49]]
Day 454 - [9,12,18,20,32,34,[31]]
Day 455 - [3,4,25,29,33,45,[24]]
Day 456 - [3,11,19,20,23,44,[6]]
Day 457 - [2,3,14,15,23,34,[8]]
Day 458 - [6,8,16,26,28,37,[49]]
Day 459 - [5,8,15,16,28,29,[39]]
Day 460 - [16,23,26,39,44,45,[35]]
Day 461 - [7,8,24,30,37,48,[22]]
Day 462 - [19,28,34,35,38,44,[31]]
Day 463 - [12,25,28,37,40,48,[3]]
Day 464 - [1,3,18,32,34,47,[8]]
Day 465 - [2,5,8,16,36,38,[17]]
Day 466 - [4,24,34,36,43,49,[9]]
Day 467 - [3,7,12,18,28,36,[14]]
Day 468 - [3,5,6,21,35,49,[29]]
Day 469 - [3,4,5,22,35,40,[24]]
Day 470 - [19,25,39,41,44,48,[16]]
Day 471 - [7,11,14,21,28,45,[35]]
Day 472 - [15,18,25,28,38,44,[11]]
Day 473 - [1,11,28,36,37,43,[12]]
Day 474 - [2,30,35,37,43,44,[22]]
Day 475 - [10,33,39,45,46,47,[35]]
Day 476 - [2,9,17,22,32,34,[10]]
Day 477 - [5,7,16,27,34,41,[24]]
Day 478 - [6,15,17,30,40,42,[41]]
Day 479 - [4,11,30,36,38,47,[31]]
Day 480 - [4,8,26,31,43,46,[9]]
Day 481 - [1,10,11,14,29,45,[3]]
Day 482 - [3,4,22,35,39,47,[10]]
Day 483 - [1,3,32,39,45,47,[22]]
Day 484 - [9,15,21,28,29,47,[48]]
Day 485 - [2,5,14,18,19,33,[16]]
Day 486 - [12,15,16,28,41,46,[1]]
Day 487 - [5,10,29,30,32,49,[15]]
Day 488 - [4,8,16,34,38,42,[18]]
Day 489 - [1,13,21,45,48,49,[18]]
Day 490 - [14,15,28,29,38,49,[7]]
Day 491 - [10,28,29,30,36,48,[31]]
Day 492 - [5,7,17,27,31,48,[30]]
Day 493 - [3,12,13,29,33,40,[39]]
Day 494 - [11,17,26,36,46,49,[40]]
Day 495 - [10,15,16,25,27,38,[29]]
Day 496 - [11,13,26,30,44,45,[46]]
Day 497 - [7,8,18,35,40,42,[23]]
Day 498 - [14,22,26,28,44,49,[39]]
Day 499 - [3,4,11,24,30,48,[22]]
Day 500 - [7,13,16,21,24,32,[28]]
Day 501 - [11,14,36,40,46,48,[1]]
Day 502 - [12,16,17,25,31,33,[4]]
Day 503 - [16,24,25,30,36,39,[38]]
Day 504 - [1,8,9,14,29,32,[27]]
Day 505 - [5,8,17,43,47,49,[30]]
Day 506 - [2,8,14,25,35,39,[33]]
Day 507 - [5,15,25,34,40,46,[43]]
Day 508 - [3,10,16,27,42,47,[41]]
Day 509 - [7,18,29,39,44,45,[37]]
Day 510 - [1,3,16,17,29,48,[23]]
Day 511 - [9,24,28,36,40,45,[31]]
Day 512 - [13,15,26,28,38,48,[2]]
Day 513 - [4,9,23,39,40,48,[7]]
Day 514 - [5,10,16,17,36,42,[32]]
Day 515 - [4,9,12,26,32,39,[43]]
Day 516 - [2,16,23,25,29,40,[18]]
Day 517 - [10,13,34,35,39,41,[33]]
Day 518 - [16,19,27,37,38,44,[46]]
Day 519 - [15,20,24,27,37,43,[17]]
Day 520 - [1,12,14,24,45,47,[43]]
=== 2015 ===
Day 521 - [8,13,22,25,27,39,[11]]
Day 522 - [4,5,29,33,43,49,[1]]
Day 523 - [15,25,27,38,41,43,[40]]
Day 524 - [9,11,13,16,28,41,[17]]
Day 525 - [4,6,13,22,31,36,[41]]
Day 526 - [9,24,27,31,34,36,[2]]
Day 527 - [6,17,27,30,40,43,[11]]
Day 528 - [7,30,31,39,42,44,[46]]
Day 529 - [7,9,11,15,19,26,[32]]
Day 530 - [7,8,11,16,30,44,[43]]
Day 531 - [4,15,20,30,38,42,[12]]
Day 532 - [28,32,41,43,46,49,[48]]
Day 533 - [6,32,33,38,40,49,[35]]
Day 534 - [2,4,19,34,45,47,[29]]
Day 535 - [5,27,40,41,42,46,[8]]
Day 536 - [14,15,32,33,34,39,[20]]
Day 537 - [7,9,17,18,27,35,[44]]
Day 538 - [13,18,20,29,33,43,[27]]
Day 539 - [8,17,22,31,41,43,[16]]
Day 540 - [4,18,20,22,33,46,[1]]
Day 541 - [17,22,23,26,30,40,[41]]
Day 542 - [6,8,20,23,35,39,[47]]
Day 543 - [6,13,21,24,38,48,[45]]
Day 544 - [3,5,17,37,47,49,[8]]
Day 545 - [10,11,18,24,40,46,[14]]
Day 546 - [14,21,23,33,36,38,[9]]
Day 547 - [15,26,27,33,40,45,[34]]
Day 548 - [27,29,30,33,45,49,[11]]
Day 549 - [5,6,22,24,32,43,[9]]
Day 550 - [17,19,26,34,35,46,[3]]
Day 551 - [2,9,18,25,29,34,[14]]
Day 552 - [2,17,19,27,45,49,[6]]
Day 553 - [3,4,6,20,25,36,[16]]
Day 554 - [1,19,21,28,34,45,[4]]
Day 555 - [3,6,28,35,42,43,[1]]
Day 556 - [3,7,12,16,29,35,[34]]
Day 557 - [8,10,11,14,30,48,[5]]
Day 558 - [12,13,17,27,35,37,[21]]
Day 559 - [5,22,23,25,40,43,[31]]
Day 560 - [12,23,27,31,34,39,[49]]
Day 561 - [6,18,26,30,34,40,[15]]
Day 562 - [2,20,22,30,36,43,[9]]
Day 563 - [8,10,16,24,25,44,[4]]
Day 564 - [16,18,20,21,23,39,[31]]
Day 565 - [4,21,22,24,33,38,[19]]
Day 566 - [3,5,23,37,40,48,[2]]
Day 567 - [10,23,24,35,36,43,[37]]
Day 568 - [13,14,22,28,32,34,[15]]
Day 569 - [4,28,39,44,45,48,[12]]
Day 570 - [3,5,23,36,39,43,[45]]
Day 571 - [6,18,28,32,37,42,[39]]
Day 572 - [1,4,10,16,22,39,[13]]
Day 573 - [2,5,6,7,8,37,[48]]
Day 574 - [5,23,26,30,39,48,[47]]
Day 575 - [2,3,14,25,30,31,[5]]
Day 576 - [8,12,13,36,38,43,[40]]
Day 577 - [5,7,18,22,31,32,[15]]
Day 578 - [20,23,40,43,47,49,[15]]
Day 579 - [15,17,18,24,35,42,[22]]
Day 580 - [3,6,28,34,39,43,[2]]
Day 581 - [8,22,24,33,38,40,[26]]
Day 582 - [8,15,17,29,34,38,[31]]
Day 583 - [12,17,22,29,37,48,[40]]
Day 584 - [6,20,25,29,32,35,[46]]
Day 585 - [2,11,16,24,33,43,[14]]
Day 586 - [1,2,3,6,23,28,[24]]
Day 587 - [1,4,9,34,38,41,[17]]
Day 588 - [11,20,21,30,37,42,[28]]
Day 589 - [14,28,31,32,36,46,[3]]
Day 590 - [3,4,6,8,23,39,[18]]
Day 591 - [1,2,8,18,19,42,[10]]
Day 592 - [7,9,23,37,41,45,[31]]
Day 593 - [2,7,21,42,43,47,[48]]
Day 594 - [3,5,7,13,38,47,[28]]
Day 595 - [1,2,9,19,33,39,[16]]
Day 596 - [8,14,23,28,35,46,[17]]
Day 597 - [9,28,32,37,39,46,[42]]
Day 598 - [3,4,40,44,46,49,[1]]
Day 599 - [2,16,29,41,44,48,[23]]
Day 600 - [1,8,24,31,43,46,[25]]
Day 601 - [1,2,19,30,34,45,[40]]
Day 602 - [5,12,19,32,37,42,[25]]
Day 603 - [8,17,22,34,38,47,[10]]
Day 604 - [13,14,20,30,33,38,[3]]
Day 605 - [5,11,28,29,31,40,[46]]
Day 606 - [16,23,31,42,46,47,[4]]
Day 607 - [1,20,24,30,39,44,[26]]
Day 608 - [29,31,36,38,39,40,[6]]
Day 609 - [1,3,4,7,16,20,[5]]
Day 610 - [2,14,20,21,25,37,[24]]
Day 611 - [4,5,8,11,38,44,[31]]
Day 612 - [3,14,27,30,38,41,[22]]
Day 613 - [4,6,8,9,29,42,[46]]
Day 614 - [5,14,23,34,43,44,[8]]
Day 615 - [4,9,20,23,26,47,[32]]
Day 616 - [25,33,34,36,40,43,[35]]
Day 617 - [5,8,16,19,39,43,[13]]
Day 618 - [4,14,32,34,39,41,[45]]
Day 619 - [11,29,31,43,46,48,[12]]
Day 620 - [2,7,15,17,27,30,[49]]
Day 621 - [5,15,20,22,38,49,[13]]
Day 622 - [1,10,15,30,32,39,[42]]
Day 623 - [9,24,40,41,42,45,[32]]
Day 624 - [2,3,23,29,45,48,[9]]
=== 2016 ===
Day 625 - [3,5,8,36,39,45,[44]]
Day 626 - [9,14,19,28,43,44,[49]]
Day 627 - [2,31,38,42,46,47,[27]]
Day 628 - [3,8,9,24,44,47,[37]]
Day 629 - [6,8,18,25,37,47,[20]]
Day 630 - [1,2,3,11,37,43,[6]]
Day 631 - [6,10,16,23,30,44,[12]]
Day 632 - [8,13,20,26,37,43,[32]]
Day 633 - [5,9,16,23,27,35,[15]]
Day 634 - [6,9,18,20,32,49,[26]]
Day 635 - [1,17,31,37,41,47,[18]]
Day 636 - [1,25,33,40,46,49,[43]]
Day 637 - [4,17,21,30,31,37,[39]]
Day 638 - [6,14,16,19,25,40,[22]]
Day 639 - [7,20,24,35,37,48,[43]]
Day 640 - [4,5,11,15,26,41,[49]]
Day 641 - [2,14,35,43,44,47,[6]]
Day 642 - [18,23,27,30,36,37,[14]]
Day 643 - [3,15,21,35,38,48,[43]]
Day 644 - [9,29,35,41,45,48,[25]]
Day 645 - [4,15,22,26,30,39,[6]]
Day 646 - [15,30,32,37,46,47,[40]]
Day 647 - [5,9,31,40,42,48,[17]]
Day 648 - [10,17,20,24,46,48,[9]]
Day 649 - [1,17,23,27,31,41,[9]]
Day 650 - [5,10,22,34,38,39,[32]]
Day 651 - [1,6,16,28,39,42,[43]]
Day 652 - [11,12,16,20,21,47,[6]]
Day 653 - [13,17,25,27,30,31,[4]]
Day 654 - [2,7,11,18,20,38,[40]]
Day 655 - [7,17,18,23,31,34,[44]]
Day 656 - [2,4,6,13,17,23,[38]]
Day 657 - [1,8,18,26,31,33,[32]]
Day 658 - [1,3,8,14,26,39,[16]]
Day 659 - [12,19,28,40,41,45,[14]]
Day 660 - [18,21,23,24,32,35,[41]]
Day 661 - [2,3,19,30,36,45,[12]]
Day 662 - [8,10,14,40,41,44,[47]]
Day 663 - [6,13,34,38,44,48,[31]]
Day 664 - [4,13,32,33,38,49,[43]]
Day 665 - [1,10,14,30,41,44,[46]]
Day 666 - [4,12,13,20,44,48,[43]]
Day 667 - [1,5,20,23,47,49,[41]]
Day 668 - [14,24,31,40,42,47,[15]]
Day 669 - [1,11,17,26,27,42,[16]]
Day 670 - [1,4,25,27,45,48,[19]]
Day 671 - [6,7,8,12,27,30,[39]]
Day 672 - [6,23,26,29,32,47,[19]]
Day 673 - [3,6,15,28,35,49,[12]]
Day 674 - [7,17,19,35,36,42,[32]]
Day 675 - [4,15,20,28,44,46,[26]]
Day 676 - [9,13,25,36,46,47,[42]]
Day 677 - [3,4,23,24,33,40,[37]]
Day 678 - [3,11,14,16,21,22,[5]]
Day 679 - [12,15,16,21,34,40,[23]]
Day 680 - [4,11,32,39,45,47,[25]]
Day 681 - [4,7,31,34,37,48,[22]]
Day 682 - [13,24,27,36,48,49,[17]]
Day 683 - [5,16,24,36,38,41,[4]]
Day 684 - [2,19,22,28,40,45,[1]]
Day 685 - [28,29,30,34,43,49,[40]]
Day 686 - [7,8,11,20,43,44,[28]]
Day 687 - [1,8,11,14,40,48,[16]]
Day 688 - [3,30,35,37,41,45,[24]]
Day 689 - [4,9,14,17,20,24,[12]]
Day 690 - [5,16,22,23,29,43,[10]]
Day 691 - [15,24,34,43,46,48,[39]]
Day 692 - [2,7,9,13,29,40,[45]]
Day 693 - [7,11,20,22,25,27,[10]]
Day 694 - [1,16,19,27,38,43,[31]]
Day 695 - [8,10,15,22,29,42,[16]]
Day 696 - [6,9,24,43,44,49,[46]]
Day 697 - [2,7,10,26,38,48,[17]]
Day 698 - [8,16,18,24,45,47,[22]]
Day 699 - [2,8,11,12,16,25,[6]]
Day 700 - [22,23,28,37,46,48,[11]]
Day 701 - [8,10,17,20,33,35,[49]]
Day 702 - [9,16,23,30,31,45,[19]]
Day 703 - [3,4,26,32,37,39,[35]]
Day 704 - [7,15,17,25,31,40,[47]]
Day 705 - [1,14,38,39,40,48,[45]]
Day 706 - [5,14,18,32,36,48,[23]]
Day 707 - [8,17,22,23,34,49,[37]]
Day 708 - [1,23,26,39,41,45,[34]]
Day 709 - [1,5,27,29,34,42,[14]]
Day 710 - [23,27,29,32,43,49,[9]]
Day 711 - [11,17,33,40,41,47,[18]]
Day 712 - [4,19,23,26,38,41,[48]]
Day 713 - [11,29,30,36,37,38,[10]]
Day 714 - [6,10,11,38,39,43,[1]]
Day 715 - [4,9,18,35,40,44,[48]]
Day 716 - [8,11,24,25,36,46,[47]]
Day 717 - [7,13,20,25,32,43,[14]]
Day 718 - [1,5,38,39,40,41,[12]]
Day 719 - [7,9,22,24,43,48,[23]]
Day 720 - [3,5,7,10,23,32,[38]]
Day 721 - [2,18,21,27,39,46,[41]]
Day 722 - [1,13,23,29,31,39,[14]]
Day 723 - [3,12,15,34,43,46,[32]]
Day 724 - [8,9,20,21,27,39,[32]]
Day 725 - [12,22,34,38,40,47,[9]]
Day 726 - [11,29,33,34,36,40,[16]]
Day 727 - [11,14,23,30,32,33,[39]]
Day 728 - [4,27,39,43,45,49,[47]]
Day 729 - [9,13,21,24,48,49,[36]]
=== 2017 ===
Day 730 - [5,6,20,29,41,43,[15]]
Day 731 - [14,27,28,30,33,49,[12]]
Day 732 - [6,10,30,36,46,47,[31]]
Day 733 - [3,14,16,26,30,35,[7]]
Day 734 - [4,12,23,27,28,32,[33]]
Day 735 - [9,19,31,35,36,41,[13]]
Day 736 - [1,2,16,17,19,34,[45]]
Day 737 - [10,13,14,18,30,31,[49]]
Day 738 - [9,14,24,34,48,49,[42]]
Day 739 - [7,13,19,38,39,41,[27]]
Day 740 - [5,23,24,28,32,48,[46]]
Day 741 - [12,16,22,29,31,37,[9]]
Day 742 - [2,5,15,19,47,48,[30]]
Day 743 - [8,14,19,31,34,36,[6]]
Day 744 - [7,12,16,39,46,48,[14]]
Day 745 - [7,23,27,34,40,45,[26]]
Day 746 - [4,34,40,41,43,44,[6]]
Day 747 - [7,9,12,31,38,41,[25]]
Day 748 - [11,17,19,20,38,44,[35]]
Day 749 - [9,18,24,27,34,46,[1]]
Day 750 - [1,13,14,25,31,36,[37]]
Day 751 - [2,5,7,13,20,49,[21]]
Day 752 - [5,7,17,22,25,35,[49]]
Day 753 - [1,5,9,19,24,25,[17]]
Day 754 - [11,13,18,28,29,31,[40]]
Day 755 - [3,23,24,31,35,47,[2]]
Day 756 - [6,8,11,26,35,43,[27]]
Day 757 - [8,9,22,27,34,44,[1]]
Day 758 - [6,15,18,20,26,43,[37]]
Day 759 - [14,23,27,35,38,49,[21]]
Day 760 - [13,20,26,35,39,48,[22]]
Day 761 - [3,18,23,26,38,47,[22]]
Day 762 - [2,9,13,35,47,48,[31]]
Day 763 - [1,7,22,29,43,47,[45]]
Day 764 - [9,11,16,24,30,37,[49]]
Day 765 - [2,4,9,30,32,48,[35]]
Day 766 - [5,19,26,41,43,44,[33]]
Day 767 - [8,9,10,22,26,32,[17]]
Day 768 - [12,25,27,28,32,41,[36]]
Day 769 - [1,2,12,23,30,41,[34]]
Day 770 - [1,9,14,16,30,40,[39]]
Day 771 - [6,10,11,21,39,47,[17]]
Day 772 - [14,30,34,39,44,48,[35]]
Day 773 - [6,23,26,33,46,47,[22]]
Day 774 - [1,3,13,28,32,45,[10]]
Day 775 - [4,11,12,27,42,47,[28]]
Day 776 - [11,12,14,19,33,42,[27]]
Day 777 - [7,15,22,31,34,36,[38]]
Day 778 - [5,8,9,18,24,44,[30]]
Day 779 - [15,18,26,31,37,42,[49]]
Day 780 - [15,20,25,29,30,47,[38]]
Day 781 - [6,12,16,19,25,26,[48]]
Day 782 - [16,29,30,32,37,44,[10]]
Day 783 - [5,33,36,38,40,45,[27]]
Day 784 - [1,24,31,33,35,40,[4]]
Day 785 - [13,17,26,30,46,48,[34]]
Day 786 - [2,5,8,9,16,38,[26]]
Day 787 - [11,13,27,30,31,45,[46]]
Day 788 - [9,10,23,24,38,49,[5]]
Day 789 - [16,19,25,26,35,49,[48]]
Day 790 - [8,12,29,31,39,49,[17]]
Day 791 - [6,7,31,33,39,45,[14]]
Day 792 - [1,10,20,27,32,46,[8]]
Day 793 - [24,34,38,40,41,46,[9]]
Day 794 - [22,28,31,39,49,50,[21]]
Day 795 - [13,23,33,42,47,51,[52]]
Day 796 - [1,6,7,26,27,40,[10]]
Day 797 - [1,25,28,34,36,49,[14]]
Day 798 - [10,32,33,35,39,42,[31]]
Day 799 - [1,3,4,21,25,30,[41]]
Day 800 - [1,7,24,29,44,51,[23]]
Day 801 - [9,16,27,35,37,51,[40]]
Day 802 - [4,10,19,21,31,49,[35]]
Day 803 - [2,7,10,33,37,44,[11]]
Day 804 - [3,7,22,24,34,37,[44]]
Day 805 - [2,19,31,33,43,52,[22]]
Day 806 - [8,10,11,16,35,44,[52]]
Day 807 - [7,11,19,24,25,51,[26]]
Day 808 - [1,25,27,33,35,38,[12]]
Day 809 - [18,22,29,32,43,50,[25]]
Day 810 - [5,15,24,28,42,49,[41]]
Day 811 - [1,5,21,22,33,44,[16]]
Day 812 - [9,23,25,38,43,45,[18]]
Day 813 - [20,23,27,36,37,44,[24]]
Day 814 - [5,14,18,32,39,52,[17]]
Day 815 - [1,6,19,38,45,46,[50]]
Day 816 - [3,12,28,42,43,47,[23]]
Day 817 - [5,11,25,32,38,49,[41]]
Day 818 - [1,24,38,39,47,51,[31]]
Day 819 - [3,21,28,30,46,51,[42]]
Day 820 - [2,22,36,37,42,49,[16]]
Day 821 - [3,36,38,39,43,52,[47]]
Day 822 - [3,16,25,26,29,48,[45]]
Day 823 - [2,7,25,35,44,51,[29]]
Day 824 - [20,26,32,34,39,41,[10]]
Day 825 - [13,24,25,43,50,51,[28]]
Day 826 - [5,7,17,18,24,49,[39]]
Day 827 - [18,23,26,34,38,41,[7]]
Day 828 - [8,12,25,32,35,47,[52]]
Day 829 - [2,11,17,18,22,42,[23]]
Day 830 - [10,14,16,27,29,52,[4]]
Day 831 - [6,8,19,24,39,41,[12]]
Day 832 - [3,10,20,42,48,49,[31]]
Day 833 - [2,23,28,33,34,46,[3]]
=== 2018 ===
Day 834 - [3,24,31,35,37,43,[39]]
Day 835 - [31,33,34,39,43,44,[38]]
Day 836 - [23,31,41,45,47,49,[19]]
Day 837 - [10,27,29,46,48,50,[32]]
Day 838 - [12,18,24,28,30,41,[47]]
Day 839 - [5,27,28,35,50,52,[39]]
Day 840 - [3,18,19,24,32,40,[25]]
Day 841 - [6,7,15,21,24,48,[16]]
Day 842 - [18,19,26,34,40,42,[1]]
Day 843 - [6,7,16,21,44,50,[28]]
Day 844 - [6,19,47,49,50,52,[16]]
Day 845 - [1,16,17,18,41,52,[38]]
Day 846 - [2,18,28,40,45,46,[22]]
Day 847 - [9,21,27,32,33,38,[11]]
Day 848 - [1,14,17,26,36,49,[32]]
Day 849 - [6,11,12,15,29,31,[8]]
Day 850 - [5,9,28,30,39,51,[47]]
Day 851 - [8,19,22,36,40,42,[30]]
Day 852 - [17,24,30,32,38,52,[37]]
Day 853 - [2,3,5,11,17,23,[31]]
Day 854 - [5,8,14,23,41,47,[34]]
Day 855 - [6,21,26,40,42,44,[49]]
Day 856 - [1,11,19,32,49,50,[22]]
Day 857 - [1,3,12,24,31,49,[52]]
Day 858 - [1,6,17,18,22,26,[30]]
Day 859 - [18,21,23,31,35,49,[42]]
Day 860 - [17,28,30,36,50,52,[31]]
Day 861 - [3,10,11,13,28,35,[16]]
Day 862 - [2,10,24,33,35,46,[5]]
Day 863 - [18,26,31,36,40,46,[22]]
Day 864 - [10,12,13,32,39,50,[42]]
Day 865 - [13,15,21,26,35,49,[23]]
Day 866 - [7,13,37,43,44,51,[10]]
Day 867 - [5,12,13,14,25,28,[4]]
Day 868 - [5,15,22,36,47,49,[52]]
Day 869 - [11,19,35,45,49,50,[6]]
Day 870 - [5,10,11,12,36,48,[14]]
Day 871 - [6,19,26,28,38,39,[17]]
Day 872 - [1,2,22,31,36,48,[45]]
Day 873 - [9,35,38,40,46,48,[30]]
Day 874 - [5,11,23,24,31,49,[25]]
Day 875 - [8,13,14,16,28,45,[36]]
Day 876 - [3,6,7,14,30,46,[5]]
Day 877 - [8,12,14,16,29,47,[19]]
Day 878 - [2,6,10,15,27,48,[43]]
Day 879 - [25,27,30,48,50,52,[6]]
Day 880 - [19,35,36,42,45,47,[2]]
Day 881 - [17,22,44,45,46,48,[31]]
Day 882 - [4,14,22,27,30,46,[7]]
Day 883 - [1,10,13,35,41,42,[15]]
Day 884 - [2,4,6,37,39,40,[52]]
Day 885 - [12,17,29,42,43,44,[16]]
Day 886 - [1,6,7,17,31,36,[50]]
Day 887 - [6,16,27,28,34,42,[43]]
Day 888 - [5,6,17,30,37,40,[39]]
Day 889 - [4,8,13,18,30,42,[5]]
Day 890 - [8,12,17,21,26,46,[11]]
Day 891 - [5,13,14,16,17,19,[3]]
Day 892 - [2,6,18,23,27,48,[43]]
Day 893 - [23,27,29,33,45,46,[4]]
Day 894 - [2,8,18,24,27,49,[10]]
Day 895 - [2,14,21,28,36,42,[47]]
Day 896 - [11,13,14,20,41,48,[34]]
Day 897 - [17,24,25,36,37,51,[29]]
Day 898 - [5,13,16,25,36,50,[33]]
Day 899 - [1,18,29,31,35,36,[46]]
Day 900 - [2,3,21,23,41,46,[9]]
Day 901 - [9,10,14,18,20,23,[11]]
Day 902 - [2,10,14,28,29,46,[41]]
Day 903 - [1,11,14,25,26,29,[20]]
Day 904 - [1,7,15,22,29,31,[6]]
Day 905 - [6,14,25,40,43,52,[16]]
Day 906 - [4,9,13,18,33,39,[29]]
Day 907 - [4,9,16,26,41,43,[14]]
Day 908 - [7,14,19,21,29,39,[26]]
Day 909 - [4,30,36,43,44,52,[38]]
Day 910 - [1,3,29,37,40,41,[25]]
Day 911 - [20,23,26,41,42,51,[16]]
Day 912 - [3,35,37,43,44,49,[1]]
Day 913 - [3,19,27,40,41,44,[31]]
Day 914 - [14,22,32,47,49,51,[46]]
Day 915 - [15,22,23,29,47,49,[37]]
Day 916 - [11,17,38,40,44,48,[29]]
Day 917 - [8,9,18,39,45,47,[36]]
Day 918 - [2,18,20,22,32,34,[46]]
Day 919 - [9,13,16,33,41,44,[11]]
Day 920 - [6,17,18,23,33,47,[16]]
Day 921 - [11,33,37,41,45,49,[26]]
Day 922 - [2,8,29,35,42,47,[18]]
Day 923 - [5,8,9,33,41,42,[20]]
Day 924 - [12,18,26,27,32,36,[33]]
Day 925 - [6,14,18,28,33,44,[32]]
Day 926 - [10,22,27,36,46,52,[39]]
Day 927 - [6,11,22,27,34,51,[19]]
Day 928 - [2,4,20,38,40,45,[24]]
Day 929 - [1,16,19,29,45,49,[10]]
Day 930 - [2,8,11,25,26,28,[44]]
Day 931 - [3,7,12,21,27,29,[39]]
Day 932 - [6,24,34,37,38,50,[40]]
Day 933 - [16,17,32,43,50,51,[23]]
Day 934 - [14,19,33,38,45,52,[51]]
Day 935 - [2,19,24,39,45,51,[40]]
Day 936 - [1,6,12,15,20,29,[26]]
Day 937 - [7,9,15,50,51,52,[33]]
=== 2019 ===
Day 938 - [4,8,12,14,27,40,[24]]
Day 939 - [5,14,25,27,35,39,[1]]
Day 940 - [3,8,15,26,32,43,[46]]
Day 941 - [4,11,16,18,21,46,[12]]
Day 942 - [19,33,44,48,49,52,[9]]
Day 943 - [2,7,17,24,39,46,[27]]
Day 944 - [3,5,24,28,32,38,[40]]
Day 945 - [7,11,23,29,40,45,[14]]
Day 946 - [21,23,26,38,44,48,[36]]
Day 947 - [1,6,19,28,32,48,[40]]
Day 948 - [7,13,29,32,36,45,[27]]
Day 949 - [6,10,17,31,40,49,[24]]
Day 950 - [14,26,28,29,32,46,[51]]
Day 951 - [10,17,25,29,39,47,[27]]
Day 952 - [6,16,21,27,30,52,[35]]
Day 953 - [2,3,13,25,40,52,[38]]
Day 954 - [15,17,18,33,36,38,[20]]
Day 955 - [16,17,20,29,34,35,[6]]
Day 956 - [6,16,23,24,30,46,[43]]
Day 957 - [20,24,32,36,48,49,[22]]
Day 958 - [12,16,43,45,46,48,[33]]
Day 959 - [2,12,31,34,47,51,[6]]
Day 960 - [12,35,37,42,47,50,[29]]
Day 961 - [2,33,34,38,40,46,[21]]
Day 962 - [5,11,17,24,46,52,[38]]
Day 963 - [10,16,22,28,36,37,[42]]
Day 964 - [26,29,32,45,49,51,[22]]
Day 965 - [13,14,23,25,29,43,[39]]
Day 966 - [1,6,13,18,36,47,[34]]
Day 967 - [13,16,22,34,39,46,[37]]
Day 968 - [1,19,38,42,50,51,[21]]
Day 969 - [5,10,16,30,33,39,[13]]
Day 970 - [1,4,8,28,50,52,[45]]
Day 971 - [4,19,21,43,44,51,[13]]
Day 972 - [2,6,10,30,42,45,[35]]
Day 973 - [3,27,32,34,41,50,[16]]
Day 974 - [1,27,28,31,37,50,[14]]
Day 975 - [25,28,35,36,41,45,[48]]
Day 976 - [20,23,29,31,32,52,[42]]
Day 977 - [1,5,13,20,36,52,[16]]
Day 978 - [2,3,23,24,50,52,[19]]
Day 979 - [4,6,12,17,32,34,[8]]
Day 980 - [11,19,28,34,46,52,[32]]
Day 981 - [4,12,27,30,46,50,[23]]
Day 982 - [9,15,26,39,46,50,[20]]
Day 983 - [11,14,16,44,49,52,[45]]
Day 984 - [1,2,31,34,43,50,[13]]
Day 985 - [2,4,9,13,32,39,[21]]
Day 986 - [4,9,16,18,19,22,[39]]
Day 987 - [3,9,10,33,48,52,[19]]
Day 988 - [10,14,26,37,42,44,[19]]
Day 989 - [38,41,43,45,51,52,[37]]
Day 990 - [8,16,17,22,50,51,[25]]
Day 991 - [1,21,26,29,38,41,[23]]
Day 992 - [4,6,20,28,46,49,[3]]
Day 993 - [6,17,22,26,42,43,[29]]
Day 994 - [5,6,10,32,38,45,[36]]
Day 995 - [8,24,28,29,32,51,[45]]
Day 996 - [1,11,29,36,43,46,[40]]
Day 997 - [8,33,40,44,48,52,[21]]
Day 998 - [2,3,10,18,45,48,[36]]
Day 999 - [12,22,26,33,47,49,[9]]
Day 1000 - [15,19,24,27,44,52,[22]]
Day 1001 - [6,20,21,26,45,48,[44]]
Day 1002 - [10,23,28,30,33,41,[35]]
Day 1003 - [5,14,40,49,51,52,[2]]
Day 1004 - [14,19,22,29,35,36,[51]]
Day 1005 - [3,13,18,26,33,47,[1]]
Day 1006 - [6,13,14,42,43,51,[20]]
Day 1007 - [15,22,25,27,39,41,[19]]
Day 1008 - [1,14,21,40,42,44,[22]]
Day 1009 - [9,13,14,20,23,33,[46]]
Day 1010 - [5,10,32,35,36,49,[26]]
Day 1011 - [4,25,27,28,37,47,[29]]
Day 1012 - [20,21,39,49,50,52,[47]]
Day 1013 - [10,22,23,29,31,41,[20]]
Day 1014 - [1,2,5,6,10,49,[20]]
Day 1015 - [3,17,24,28,42,46,[14]]
Day 1016 - [8,16,18,35,37,40,[12]]
Day 1017 - [2,12,23,24,25,43,[17]]
Day 1018 - [3,8,27,44,49,50,[7]]
Day 1019 - [8,13,24,25,34,48,[38]]
Day 1020 - [7,8,20,21,25,33,[41]]
Day 1021 - [8,17,27,38,48,52,[30]]
Day 1022 - [9,11,15,16,20,46,[40]]
Day 1023 - [14,18,24,30,33,37,[28]]
Day 1024 - [11,19,25,35,39,51,[6]]
Day 1025 - [2,4,13,20,33,46,[27]]
Day 1026 - [15,16,19,29,47,50,[21]]
Day 1027 - [16,19,23,41,50,52,[20]]
Day 1028 - [1,17,22,26,28,34,[48]]
Day 1029 - [11,19,22,35,44,47,[26]]
Day 1030 - [1,10,22,32,40,49,[8]]
Day 1031 - [9,10,25,27,51,52,[5]]
Day 1032 - [12,14,17,20,34,37,[26]]
Day 1033 - [4,8,17,18,34,43,[48]]
Day 1034 - [3,14,25,39,48,51,[28]]
Day 1035 - [11,12,15,20,34,46,[27]]
Day 1036 - [3,6,18,28,31,50,[24]]
Day 1037 - [2,3,6,23,34,49,[20]]
Day 1038 - [10,17,24,32,40,44,[5]]
Day 1039 - [1,3,15,29,35,45,[52]]
Day 1040 - [4,8,11,16,29,42,[28]]
=== 2020 ===
Day 1041 - [4,5,24,40,42,47,[17]]
Day 1042 - [8,13,14,41,43,44,[19]]
Day 1043 - [14,19,21,43,45,50,[37]]
Day 1044 - [6,16,18,33,47,51,[29]]
Day 1045 - [6,25,31,36,41,42,[50]]
Day 1046 - [2,8,18,46,48,49,[9]]
Day 1047 - [12,19,24,31,37,52,[14]]
Day 1048 - [15,17,22,29,35,49,[25]]
Day 1049 - [13,15,28,34,37,50,[2]]
Day 1050 - [1,13,16,25,42,47,[15]]
Day 1051 - [3,6,20,21,41,45,[29]]
Day 1052 - [3,28,37,41,42,51,[14]]
Day 1053 - [16,18,32,38,39,44,[31]]
Day 1054 - [1,7,20,23,45,48,[16]]
Day 1055 - [11,13,17,22,39,52,[2]]
Day 1056 - [7,31,32,34,46,48,[41]]
Day 1057 - [23,25,34,44,48,51,[41]]
Day 1058 - [9,23,26,28,30,34,[46]]
Day 1059 - [10,26,35,43,47,50,[2]]
Day 1060 - [1,9,12,14,30,48,[46]]
Day 1061 - [4,17,22,34,38,46,[6]]
Day 1062 - [15,16,17,29,37,39,[47]]
Day 1063 - [7,37,42,45,48,50,[43]]
Day 1064 - [3,13,36,45,47,50,[46]]
Day 1065 - [10,13,19,25,42,47,[35]]
Day 1066 - [6,13,14,19,28,45,[4]]
Day 1067 - [7,15,32,42,45,51,[1]]
Day 1068 - [3,4,10,21,24,43,[22]]
Day 1069 - [2,8,18,29,42,43,[34]]
Day 1070 - [6,25,41,43,45,48,[38]]
Day 1071 - [24,28,33,36,48,51,[46]]
Day 1072 - [8,14,24,31,38,47,[21]]
Day 1073 - [1,2,14,20,33,38,[9]]
Day 1074 - [4,24,36,39,44,48,[1]]
Day 1075 - [9,25,26,30,33,43,[23]]
Day 1076 - [1,11,14,19,31,43,[7]]
Day 1077 - [1,16,28,29,32,49,[47]]
Day 1078 - [26,29,40,41,45,48,[39]]
Day 1079 - [1,5,6,8,10,18,[34]]
Day 1080 - [8,10,15,27,30,49,[6]]
Day 1081 - [6,13,25,27,30,36,[32]]
Day 1082 - [2,11,18,20,35,48,[36]]
Day 1083 - [3,9,15,24,39,42,[4]]
Day 1084 - [4,13,20,23,31,46,[28]]
Day 1085 - [7,16,23,26,31,43,[34]]
Day 1086 - [15,16,23,36,37,38,[18]]
Day 1087 - [15,16,18,23,34,49,[32]]
Day 1088 - [2,3,12,13,32,47,[41]]
Day 1089 - [1,32,35,36,40,52,[51]]
Day 1090 - [6,24,28,40,45,49,[39]]
Day 1091 - [3,9,14,19,21,24,[8]]
Day 1092 - [8,9,35,39,45,48,[41]]
Day 1093 - [5,13,21,30,32,41,[40]]
Day 1094 - [8,14,15,42,44,51,[4]]
Day 1095 - [3,8,10,16,17,43,[52]]
Day 1096 - [7,20,24,36,43,52,[11]]
Day 1097 - [4,11,15,19,27,38,[48]]
Day 1098 - [3,17,30,32,36,42,[2]]
Day 1099 - [4,7,12,13,19,52,[46]]
Day 1100 - [5,9,20,24,27,48,[8]]
Day 1101 - [6,16,23,26,33,48,[7]]
Day 1102 - [5,9,23,38,41,46,[14]]
Day 1103 - [7,23,31,33,39,51,[30]]
Day 1104 - [13,23,25,30,47,51,[38]]
Day 1105 - [12,23,24,30,44,49,[36]]
Day 1106 - [1,13,15,19,26,32,[38]]
Day 1107 - [1,7,26,27,42,49,[18]]
Day 1108 - [18,29,37,43,48,51,[9]]
Day 1109 - [1,11,12,41,43,49,[15]]
Day 1110 - [9,16,21,27,33,45,[17]]
Day 1111 - [9,16,21,28,37,48,[49]]
Day 1112 - [17,21,23,29,30,39,[47]]
Day 1113 - [8,15,31,33,35,43,[40]]
Day 1114 - [13,20,30,34,40,50,[28]]
Day 1115 - [28,32,44,49,51,52,[15]]
Day 1116 - [4,9,10,23,24,32,[7]]
Day 1117 - [8,10,17,20,40,46,[47]]
Day 1118 - [3,7,18,21,27,42,[50]]
Day 1119 - [9,18,25,26,28,33,[11]]
Day 1120 - [3,23,26,27,42,51,[37]]
Day 1121 - [1,16,22,26,42,45,[36]]
Day 1122 - [2,22,33,41,42,48,[5]]
Day 1123 - [1,35,45,49,51,52,[16]]
Day 1124 - [2,4,7,28,41,48,[37]]
Day 1125 - [10,29,36,42,43,51,[19]]
Day 1126 - [1,24,30,32,39,49,[23]]
Day 1127 - [6,16,20,30,44,51,[28]]
Day 1128 - [13,26,35,45,49,50,[5]]
Day 1129 - [2,14,17,24,34,51,[19]]
Day 1130 - [2,4,14,15,28,46,[5]]
Day 1131 - [16,19,23,36,45,46,[6]]
Day 1132 - [4,13,15,28,31,47,[35]]
Day 1133 - [1,8,20,27,42,44,[47]]
Day 1134 - [3,9,12,14,22,52,[47]]
Day 1135 - [5,10,11,14,20,33,[15]]
Day 1136 - [6,12,15,24,36,37,[45]]
Day 1137 - [9,27,34,37,38,48,[19]]
Day 1138 - [7,17,27,38,45,46,[26]]
Day 1139 - [21,30,32,42,44,48,[1]]
Day 1140 - [8,12,19,37,43,47,[41]]
Day 1141 - [1,2,29,33,36,50,[22]]
Day 1142 - [11,30,33,35,46,49,[24]]
Day 1143 - [5,7,15,22,23,44,[37]]
Day 1144 - [8,24,33,37,44,49,[17]]
Day 1145 - [2,10,19,36,38,42,[21]]
=== 2021 ===
Day 1146 - [9,11,21,28,35,46,[31]]
Day 1147 - [4,10,20,41,50,52,[48]]
Day 1148 - [10,23,25,28,39,48,[52]]
Day 1149 - [1,3,15,25,36,48,[2]]
Day 1150 - [21,25,40,42,44,49,[22]]
Day 1151 - [19,20,24,32,46,48,[38]]
Day 1152 - [18,20,39,46,47,49,[36]]
Day 1153 - [2,3,13,15,38,42,[44]]
Day 1154 - [6,21,27,32,34,35,[45]]
Day 1155 - [7,10,18,22,36,51,[29]]
Day 1156 - [5,14,15,17,26,33,[47]]
Day 1157 - [1,10,12,15,21,42,[48]]
Day 1158 - [5,18,25,26,29,42,[17]]
Day 1159 - [1,3,6,25,35,43,[11]]
Day 1160 - [3,8,16,21,38,41,[45]]
Day 1161 - [7,10,12,16,29,49,[21]]
Day 1162 - [11,13,14,21,22,32,[5]]
Day 1163 - [8,11,26,34,49,50,[13]]
Day 1164 - [3,18,20,40,41,43,[33]]
Day 1165 - [1,7,16,41,45,52,[31]]
Day 1166 - [11,13,21,26,34,50,[17]]
Day 1167 - [4,11,25,31,37,47,[20]]
Day 1168 - [2,14,21,46,49,50,[38]]
Day 1169 - [1,23,41,42,45,49,[43]]
Day 1170 - [11,13,25,27,45,51,[52]]
Day 1171 - [1,16,39,47,49,52,[23]]
Day 1172 - [6,9,15,30,32,34,[11]]
Day 1173 - [7,13,30,37,39,46,[17]]
Day 1174 - [1,13,24,25,43,46,[16]]
Day 1175 - [1,5,8,19,26,48,[30]]
Day 1176 - [14,28,30,44,47,51,[3]]
Day 1177 - [1,7,10,11,23,31,[8]]
Day 1178 - [22,26,31,40,42,43,[19]]
Day 1179 - [7,18,20,22,31,48,[29]]
Day 1180 - [10,11,13,20,43,51,[4]]
Day 1181 - [6,14,19,28,31,32,[39]]
Day 1182 - [2,12,15,24,26,43,[6]]
Day 1183 - [2,11,13,20,31,42,[16]]
Day 1184 - [7,13,29,37,38,42,[8]]
Day 1185 - [1,6,12,16,35,45,[2]]
Day 1186 - [1,10,26,35,46,50,[14]]
Day 1187 - [6,22,29,45,50,52,[32]]
Day 1188 - [16,18,20,22,26,29,[41]]
Day 1189 - [22,26,27,31,33,47,[34]]
Day 1190 - [9,26,35,36,40,46,[14]]
Day 1191 - [11,15,34,36,48,50,[43]]
Day 1192 - [7,21,23,30,43,48,[36]]
Day 1193 - [7,8,29,37,49,51,[43]]
Day 1194 - [3,10,13,14,38,51,[47]]
Day 1195 - [12,30,35,38,43,52,[34]]
Day 1196 - [2,5,11,15,29,33,[21]]
Day 1197 - [8,10,29,37,38,50,[30]]
Day 1198 - [4,12,20,34,46,49,[31]]
Day 1199 - [23,26,29,32,34,39,[10]]
Day 1200 - [1,9,13,32,37,39,[24]]
Day 1201 - [13,22,26,44,46,52,[27]]
Day 1202 - [4,11,18,20,35,41,[45]]
Day 1203 - [3,6,13,23,28,31,[21]]
Day 1204 - [6,39,40,44,45,47,[31]]
Day 1205 - [1,5,13,22,27,28,[25]]
Day 1206 - [24,29,36,37,39,45,[50]]
Day 1207 - [21,26,27,30,37,51,[29]]
Day 1208 - [3,13,25,26,31,50,[32]]
Day 1209 - [2,5,25,32,48,51,[20]]
Day 1210 - [5,14,19,34,44,49,[8]]
Day 1211 - [3,14,29,30,33,35,[4]]
Day 1212 - [10,19,29,38,45,50,[35]]
Day 1213 - [11,26,28,30,33,50,[22]]
Day 1214 - [8,14,16,21,42,47,[30]]
Day 1215 - [2,14,23,33,36,42,[45]]
Day 1216 - [4,6,27,30,39,41,[22]]
Day 1217 - [2,4,18,19,20,28,[45]]
Day 1218 - [7,22,36,38,48,50,[37]]
Day 1219 - [8,9,19,45,47,52,[24]]
Day 1220 - [4,11,12,32,34,47,[8]]
Day 1221 - [2,8,27,28,32,50,[35]]
Day 1222 - [2,7,10,38,47,48,[30]]
Day 1223 - [14,15,24,33,35,51,[26]]
Day 1224 - [2,15,27,33,43,44,[38]]
Day 1225 - [11,16,25,26,34,45,[30]]
Day 1226 - [3,5,10,32,37,40,[12]]
Day 1227 - [1,10,26,35,38,49,[27]]
Day 1228 - [12,13,35,40,41,44,[15]]
Day 1229 - [3,17,24,35,42,43,[39]]
Day 1230 - [5,11,12,31,43,49,[17]]
Day 1231 - [1,26,31,38,44,48,[22]]
Day 1232 - [8,12,38,41,42,45,[29]]
Day 1233 - [5,6,11,12,13,16,[42]]
Day 1234 - [3,22,25,30,38,45,[50]]
Day 1235 - [8,12,15,19,34,49,[31]]
Day 1236 - [3,19,20,35,39,41,[25]]
Day 1237 - [5,14,35,43,50,52,[34]]
Day 1238 - [2,21,23,26,32,42,[47]]
Day 1239 - [6,18,24,39,43,48,[40]]
Day 1240 - [5,15,16,34,38,42,[41]]
Day 1241 - [1,8,9,17,39,50,[30]]
Day 1242 - [17,26,28,30,42,46,[14]]
Day 1243 - [13,30,36,41,44,46,[35]]
Day 1244 - [2,12,14,16,28,51,[19]]
Day 1245 - [7,9,41,45,48,50,[24]]
Day 1246 - [4,12,17,22,23,26,[1]]
Day 1247 - [15,23,32,34,37,45,[21]]
Day 1248 - [2,4,17,39,43,46,[51]]
=== 2022 ===
Day 1249 - [5,10,16,43,44,49,[23]]
Day 1250 - [8,14,15,25,30,31,[17]]
Day 1251 - [6,12,15,17,22,33,[46]]
Day 1252 - [5,16,30,45,47,52,[13]]
Day 1253 - [7,12,13,19,25,37,[50]]
Day 1254 - [1,14,21,33,37,49,[44]]
Day 1255 - [5,8,11,17,31,38,[39]]
Day 1256 - [3,17,38,44,46,50,[7]]
Day 1257 - [8,10,19,34,36,52,[2]]
Day 1258 - [11,17,20,28,31,46,[25]]
Day 1259 - [4,21,31,33,36,38,[17]]
Day 1260 - [2,18,20,28,35,44,[23]]
Day 1261 - [12,19,21,24,25,39,[7]]
Day 1262 - [4,11,24,25,27,41,[30]]
Day 1263 - [4,11,12,20,38,48,[2]]
Day 1264 - [8,13,23,28,30,41,[43]]
Day 1265 - [1,11,14,27,46,47,[24]]
Day 1266 - [5,10,15,37,43,45,[19]]
Day 1267 - [14,16,17,39,49,50,[2]]
Day 1268 - [15,17,22,29,40,42,[2]]
Day 1269 - [13,20,32,39,43,52,[40]]
Day 1270 - [17,29,30,38,40,43,[4]]
Day 1271 - [3,9,23,41,42,48,[16]]
Day 1272 - [3,6,10,30,38,48,[8]]
Day 1273 - [6,18,22,28,34,45,[20]]
Day 1274 - [12,18,24,31,38,44,[51]]
Day 1275 - [7,10,28,38,48,49,[31]]
Day 1276 - [10,13,29,47,48,51,[2]]
Day 1277 - [2,5,11,27,42,46,[14]]
Day 1278 - [3,17,22,27,31,39,[38]]
Day 1279 - [10,14,25,30,43,49,[22]]
Day 1280 - [1,6,25,26,39,47,[24]]
Day 1281 - [1,9,18,24,34,51,[37]]
Day 1282 - [4,14,17,24,32,49,[37]]
Day 1283 - [14,22,27,28,35,45,[10]]
Day 1284 - [7,11,28,30,36,44,[33]]
Day 1285 - [14,35,36,40,45,50,[44]]
Day 1286 - [20,22,25,36,50,51,[12]]
Day 1287 - [10,13,22,27,36,40,[45]]
Day 1288 - [4,9,15,16,23,29,[21]]
Day 1289 - [2,3,7,20,28,37,[5]]
Day 1290 - [1,6,12,17,31,45,[10]]
Day 1291 - [14,28,30,31,44,47,[4]]
Day 1292 - [15,20,22,27,43,49,[29]]
Day 1293 - [11,22,23,32,35,47,[41]]
Day 1294 - [21,25,27,34,39,48,[44]]
Day 1295 - [6,15,18,23,34,37,[48]]
Day 1296 - [2,19,24,36,45,50,[26]]
Day 1297 - [13,25,35,37,38,44,[52]]
Day 1298 - [9,16,32,38,42,46,[33]]
Day 1299 - [2,8,19,29,35,43,[7]]
Day 1300 - [27,33,34,40,41,51,[36]]
Day 1301 - [4,17,22,37,38,46,[23]]
Day 1302 - [11,16,26,34,38,42,[52]]
Day 1303 - [6,24,29,35,41,44,[49]]
Day 1304 - [3,6,9,10,29,51,[11]]
Day 1305 - [7,13,22,31,45,46,[9]]
Day 1306 - [3,6,15,30,41,45,[20]]
Day 1307 - [23,33,47,48,50,52,[24]]
Day 1308 - [1,7,36,41,49,51,[45]]
Day 1309 - [1,9,13,34,35,37,[42]]
Day 1310 - [5,9,12,23,50,51,[4]]
Day 1311 - [7,18,30,36,44,47,[28]]
Day 1312 - [13,14,21,34,45,52,[26]]
Day 1313 - [6,8,27,28,39,48,[7]]
Day 1314 - [5,13,21,34,35,39,[28]]
Day 1315 - [7,9,20,27,46,51,[47]]
Day 1316 - [8,11,12,37,41,48,[40]]
Day 1317 - [4,10,14,24,31,37,[20]]
Day 1318 - [3,9,13,25,31,39,[36]]
Day 1319 - [7,20,34,45,49,50,[17]]
Day 1320 - [2,10,17,28,40,44,[34]]
Day 1321 - [6,15,17,19,41,44,[25]]
Day 1322 - [4,17,29,31,46,48,[50]]
Day 1323 - [1,7,22,34,39,46,[15]]
Day 1324 - [8,15,16,24,32,42,[14]]
Day 1325 - [3,18,28,29,36,44,[22]]
Day 1326 - [2,12,15,29,31,47,[48]]
Day 1327 - [7,9,13,16,26,42,[12]]
Day 1328 - [14,16,23,26,40,42,[13]]
Day 1329 - [7,11,12,19,36,39,[4]]
Day 1330 - [4,15,16,26,44,45,[22]]
Day 1331 - [9,11,13,21,30,46,[19]]
Day 1332 - [1,5,14,29,40,52,[34]]
Day 1333 - [12,14,33,37,47,48,[11]]
Day 1334 - [4,14,18,23,42,50,[22]]
Day 1335 - [9,30,32,38,43,50,[28]]
Day 1336 - [1,7,22,33,39,40,[15]]
Day 1337 - [4,18,27,32,38,45,[42]]
Day 1338 - [11,18,35,41,46,51,[13]]
Day 1339 - [1,11,45,48,51,52,[9]]
Day 1340 - [2,4,12,23,42,46,[49]]
Day 1341 - [6,8,12,37,43,51,[21]]
Day 1342 - [3,8,10,12,19,27,[18]]
Day 1343 - [5,18,20,26,35,38,[24]]
Day 1344 - [11,25,29,41,44,51,[17]]
Day 1345 - [1,12,26,33,50,52,[19]]
Day 1346 - [1,5,18,45,47,52,[19]]
Day 1347 - [11,23,37,39,43,44,[31]]
Day 1348 - [2,7,20,21,35,46,[22]]
Day 1349 - [4,6,18,20,36,40,[43]]
Day 1350 - [7,20,21,37,38,46,[24]]
Day 1351 - [7,10,17,19,23,50,[43]]
Day 1352 - [8,22,30,40,42,49,[41]]
Day 1353 - [12,18,19,41,48,52,[35]]
=== 2023 ===
Day 1354 - [1,18,25,30,46,48,[19]]
Day 1355 - [3,4,19,25,27,32,[8]]
Day 1356 - [4,10,21,25,37,46,[2]]
Day 1357 - [8,9,14,33,34,47,[26]]
Day 1358 - [5,29,31,35,39,47,[1]]
Day 1359 - [1,13,14,22,41,52,[9]]
Day 1360 - [3,6,9,11,31,39,[7]]
Day 1361 - [8,27,30,32,46,52,[43]]
Day 1362 - [2,21,24,38,44,48,[36]]
Day 1363 - [11,13,23,45,47,50,[10]]
Day 1364 - [15,20,23,31,33,40,[29]]
Day 1365 - [9,11,35,39,40,48,[19]]
Day 1366 - [4,7,14,30,37,46,[16]]
Day 1367 - [7,9,21,25,31,50,[15]]
Day 1368 - [5,14,20,22,25,34,[8]]
Day 1369 - [12,14,19,24,33,42,[5]]
Day 1370 - [23,24,25,26,34,35,[14]]
Day 1371 - [4,9,13,38,42,45,[40]]
Day 1372 - [11,19,23,27,35,44,[13]]
Day 1373 - [17,38,44,48,49,50,[5]]
Day 1374 - [27,36,41,43,46,50,[45]]
Day 1375 - [5,8,26,31,47,50,[35]]
Day 1376 - [4,10,27,34,43,44,[22]]
Day 1377 - [10,11,31,35,39,46,[3]]
Day 1378 - [4,15,21,22,30,33,[5]]
Day 1379 - [26,27,29,31,32,52,[12]]
Day 1380 - [5,12,14,26,33,37,[34]]
Day 1381 - [2,8,16,17,37,41,[35]]
Day 1382 - [4,38,46,47,50,52,[45]]
Day 1383 - [3,18,35,36,39,42,[8]]
Day 1384 - [11,25,38,39,44,50,[52]]
Day 1385 - [3,7,28,29,35,52,[12]]
Day 1386 - [25,36,38,39,47,51,[30]]
Day 1387 - [7,15,28,35,44,51,[31]]
Day 1388 - [18,21,33,35,40,43,[6]]
Day 1389 - [19,22,30,39,45,46,[24]]
Day 1390 - [4,5,11,25,41,50,[13]]
Day 1391 - [10,16,23,24,30,49,[5]]
Day 1392 - [1,27,34,41,42,51,[39]]
Day 1393 - [1,17,22,30,37,42,[35]]
Day 1394 - [11,17,21,34,44,49,[15]]
Day 1395 - [2,8,16,18,33,47,[35]]
Day 1396 - [2,14,23,33,37,49,[29]]
Day 1397 - [4,15,22,29,38,41,[52]]
Day 1398 - [17,22,23,32,43,51,[44]]
Day 1399 - [6,8,12,23,32,48,[33]]
Day 1400 - [9,12,26,29,32,49,[16]]
Day 1401 - [3,4,11,33,44,48,[2]]
Day 1402 - [16,17,29,31,32,33,[39]]
Day 1403 - [4,9,18,24,32,51,[10]]
Day 1404 - [11,18,25,37,38,49,[12]]
Day 1405 - [16,20,36,45,46,50,[3]]
Day 1406 - [19,20,23,24,43,44,[42]]
Day 1407 - [14,33,39,41,48,49,[30]]
Day 1408 - [1,4,14,29,38,52,[11]]
Day 1409 - [8,12,27,37,47,48,[7]]
Day 1410 - [1,5,29,36,39,41,[30]]
Day 1411 - [1,20,25,26,28,42,[13]]
Day 1412 - [14,29,35,36,43,46,[44]]
Day 1413 - [4,9,14,16,21,40,[44]]
Day 1414 - [13,16,37,40,42,47,[43]]
Day 1415 - [7,27,39,43,44,48,[10]]
Day 1416 - [5,6,11,23,28,31,[21]]
Day 1417 - [12,21,25,27,40,46,[13]]
Day 1418 - [6,8,13,28,37,48,[21]]
Day 1419 - [13,14,15,18,22,33,[36]]
Day 1420 - [4,6,24,28,41,46,[27]]
Day 1421 - [7,10,27,28,48,49,[20]]
Day 1422 - [22,23,28,37,43,50,[45]]
Day 1423 - [2,23,36,37,40,46,[39]]
Day 1424 - [3,13,32,35,49,50,[26]]
Day 1425 - [7,10,18,20,23,30,[4]]
Day 1426 - [4,28,35,47,50,51,[15]]
Day 1427 - [10,18,19,32,34,44,[25]]
Day 1428 - [17,26,28,31,33,35,[2]]
Day 1429 - [1,5,24,25,27,41,[50]]
Day 1430 - [6,9,15,22,28,39,[31]]
Day 1431 - [1,10,14,15,16,40,[33]]
Day 1432 - [4,14,17,32,41,48,[2]]
Day 1433 - [10,13,21,23,29,30,[22]]
Day 1434 - [4,8,10,25,33,50,[32]]
Day 1435 - [8,10,17,20,49,51,[44]]
Day 1436 - [8,9,30,31,40,42,[23]]
Day 1437 - [22,38,40,42,48,49,[18]]
Day 1438 - [3,4,13,24,25,39,[48]]
Day 1439 - [1,36,41,43,46,51,[25]]
Day 1440 - [6,14,25,33,40,49,[16]]
Day 1441 - [12,18,30,48,51,52,[38]]
Day 1442 - [1,16,20,21,28,45,[17]]
Day 1443 - [3,33,43,45,46,47,[22]]
Day 1444 - [11,14,34,38,45,46,[51]]
Day 1445 - [11,19,21,25,34,41,[44]]
Day 1446 - [5,12,19,23,25,41,[15]]
Day 1447 - [3,14,15,24,25,40,[45]]
Day 1448 - [11,20,23,25,38,41,[32]]
Day 1449 - [1,32,33,35,42,51,[20]]
Day 1450 - [10,13,34,42,45,51,[24]]
Day 1451 - [8,14,23,40,42,44,[33]]
Day 1452 - [11,12,14,16,31,38,[7]]
Day 1453 - [17,22,31,36,43,47,[29]]
Day 1454 - [11,18,32,41,45,50,[51]]
Day 1455 - [19,20,28,37,49,50,[48]]
Day 1456 - [12,25,29,34,41,42,[27]]
Day 1457 - [9,10,15,17,35,37,[4]]
=== 2024 ===
Day 1458 - [7,18,32,36,38,52,[25]]
Day 1459 - [5,9,17,18,24,30,[6]]
Day 1460 - [9,15,17,27,31,49,[35]]
Day 1461 - [11,13,29,48,50,51,[47]]
Day 1462 - [24,33,34,42,43,50,[37]]
Day 1463 - [3,8,10,16,36,41,[9]]
Day 1464 - [14,16,18,21,45,51,[4]]
Day 1465 - [2,15,26,28,45,49,[6]]
Day 1466 - [9,11,23,26,41,52,[29]]
Day 1467 - [16,17,24,31,36,43,[44]]
Day 1468 - [13,19,28,29,30,32,[14]]
Day 1469 - [3,18,24,38,43,46,[51]]
Day 1470 - [6,18,23,29,30,45,[44]]
Day 1471 - [1,3,9,29,44,48,[25]]
Day 1472 - [5,33,34,42,51,52,[39]]
Day 1473 - [2,7,20,27,29,34,[37]]
Day 1474 - [11,12,14,18,20,48,[32]]
Day 1475 - [8,18,25,40,47,49,[31]]
Day 1476 - [7,16,17,22,32,48,[36]]
Day 1477 - [9,17,24,27,46,50,[48]]
Day 1478 - [9,25,33,34,36,46,[15]]
Day 1479 - [5,8,11,15,19,51,[21]]
Day 1480 - [8,13,22,30,39,52,[32]]
Day 1481 - [1,2,3,4,17,43,[36]]
Day 1482 - [11,22,41,45,46,51,[50]]
Day 1483 - [18,29,39,40,43,50,[27]]
Day 1484 - [19,25,26,28,38,39,[44]]
Day 1485 - [7,8,17,19,28,49,[12]]
Day 1486 - [6,10,15,20,34,45,[46]]
Day 1487 - [14,16,22,23,35,47,[24]]
Day 1488 - [15,21,34,36,37,47,[43]]
Day 1489 - [2,5,6,25,29,30,[10]]
Day 1490 - [18,32,38,42,44,50,[24]]
Day 1491 - [10,11,17,27,33,40,[8]]
Day 1492 - [7,12,16,27,32,52,[13]]
Day 1493 - [3,14,33,35,36,49,[25]]
Day 1494 - [19,26,31,36,37,40,[22]]
Day 1495 - [1,8,35,38,43,51,[30]]
Day 1496 - [2,7,25,32,37,45,[8]]
Day 1497 - [12,24,28,37,38,47,[1]]
Day 1498 - [19,22,29,35,40,41,[1]]
Day 1499 - [1,4,25,29,36,45,[20]]
Day 1500 - [5,11,20,27,41,45,[42]]
Day 1501 - [12,17,18,29,37,42,[27]]
Day 1502 - [21,22,23,25,37,50,[47]]
Day 1503 - [5,6,10,11,35,41,[17]]
Day 1504 - [2,9,16,26,41,48,[23]]
Day 1505 - [1,14,32,35,46,48,[22]]
Day 1506 - [9,11,25,26,31,39,[45]]
Day 1507 - [12,21,25,29,47,51,[32]]
Day 1508 - [2,17,33,39,45,52,[48]]
Day 1509 - [10,11,15,21,44,47,[8]]
Day 1510 - [8,24,43,45,46,50,[16]]
Day 1511 - [3,10,28,29,44,49,[50]]
Day 1512 - [9,17,25,40,49,52,[38]]
Day 1513 - [14,33,34,36,44,45,[28]]
Day 1514 - [1,5,14,15,22,47,[7]]
Day 1515 - [19,22,27,37,42,46,[47]]
Day 1516 - [13,17,30,31,32,43,[41]]
Day 1517 - [20,21,26,34,37,48,[10]]
Day 1518 - [11,12,14,20,34,48,[33]]
Day 1519 - [12,22,26,31,45,48,[6]]
Day 1520 - [1,10,13,32,37,48,[45]]
Day 1521 - [7,11,24,26,32,41,[15]]
Day 1522 - [7,13,17,23,40,47,[4]]
Day 1523 - [4,7,12,31,38,49,[15]]
Day 1524 - [4,11,22,29,36,44,[14]]
Day 1525 - [2,5,13,22,23,51,[1]]
Day 1526 - [2,12,23,24,30,31,[36]]
Day 1527 - [1,10,14,19,25,46,[29]]
Day 1528 - [10,17,33,38,39,50,[5]]
Day 1529 - [2,7,18,29,40,49,[38]]
Day 1530 - [8,13,16,22,26,43,[9]]
Day 1531 - [4,6,8,28,46,52,[27]]
Day 1532 - [7,21,23,38,43,45,[25]]
Day 1533 - [21,29,32,33,36,50,[52]]
Day 1534 - [6,26,39,41,49,52,[17]]
Day 1535 - [25,28,29,32,40,42,[26]]
Day 1536 - [5,6,14,26,37,50,[13]]
Day 1537 - [14,21,27,40,43,47,[45]]
Day 1538 - [5,18,19,29,44,48,[17]]
Day 1539 - [5,8,10,46,49,51,[27]]
Day 1540 - [16,18,20,31,43,44,[39]]
Day 1541 - [19,24,39,44,48,50,[30]]
Day 1542 - [11,18,19,20,27,30,[44]]
Day 1543 - [4,12,22,29,38,41,[10]]
Day 1544 - [4,9,25,39,41,44,[3]]
Day 1545 - [1,7,10,15,42,51,[49]]
Day 1546 - [13,18,32,42,43,50,[16]]
Day 1547 - [6,7,20,29,46,49,[31]]
Day 1548 - [3,25,33,35,42,45,[9]]
Day 1549 - [4,8,13,15,28,36,[52]]
Day 1550 - [2,3,22,33,36,41,[18]]
Day 1551 - [3,9,10,16,22,25,[43]]
Day 1552 - [5,8,13,15,39,43,[1]]
Day 1553 - [7,24,34,37,40,52,[20]]
Day 1554 - [4,14,19,20,21,48,[47]]
Day 1555 - [10,20,30,47,49,50,[21]]
Day 1556 - [6,11,19,24,50,52,[51]]
Day 1557 - [6,8,11,39,42,47,[41]]
Day 1558 - [5,7,28,30,38,45,[37]]
Day 1559 - [6,9,23,30,33,41,[8]]
Day 1560 - [7,18,25,28,29,44,[8]]
=== 2025 ===
Day 1561 - [3,7,18,23,24,52,[26]]
Day 1562 - [3,22,23,25,33,52,[19]]
Day 1563 - [16,22,24,34,38,49,[35]]
Day 1564 - [1,10,20,22,37,42,[23]]
Day 1565 - [4,9,10,35,37,41,[39]]
Day 1566 - [13,20,25,33,38,40,[44]]
Day 1567 - [6,9,23,45,46,48,[12]]
Day 1568 - [23,26,28,29,39,51,[45]]
Day 1569 - [6,11,13,24,32,44,[14]]
Day 1570 - [14,15,26,41,42,52,[36]]
Day 1571 - [5,7,18,28,30,42,[1]]
Day 1572 - [1,4,14,17,20,34,[50]]
Day 1573 - [3,9,23,41,42,48,[39]]
Day 1574 - [5,9,25,39,41,50,[24]]
Day 1575 - [11,13,32,43,50,51,[16]]
Day 1576 - [4,7,12,13,24,51,[49]]
Day 1577 - [27,36,38,44,45,47,[41]]
Day 1578 - [8,12,20,22,49,50,[10]]
Day 1579 - [2,8,37,45,48,51,[24]]
Day 1580 - [7,19,23,27,31,52,[10]]
Day 1581 - [7,12,24,32,39,48,[9]]
Day 1582 - [6,23,24,34,47,49,[18]]
Day 1583 - [2,3,17,27,29,37,[12]]
Day 1584 - [3,12,16,18,31,51,[2]]
Day 1585 - [12,18,21,25,27,38,[31]]
Day 1586 - [11,18,28,36,46,48,[22]]
Day 1587 - [6,7,22,29,44,50,[4]]
Day 1588 - [7,11,34,37,39,42,[44]]
Day 1589 - [3,5,27,45,49,50,[20]]
Day 1590 - [3,9,16,17,31,48,[36]]
Day 1591 - [9,16,20,23,26,51,[29]]
Day 1592 - [6,9,11,33,38,52,[32]]
Day 1593 - [1,5,22,31,34,44,[33]]
Day 1594 - [18,20,28,30,31,36,[49]]
Day 1595 - [8,19,20,31,45,52,[3]]
Day 1596 - [4,5,7,10,11,41,[2]]
Day 1597 - [9,10,27,30,31,45,[23]]
Day 1598 - [3,13,18,24,30,31,[25]]
Day 1599 - [9,18,19,30,31,40,[28]]
Day 1600 - [12,28,29,38,46,49,[25]]
Day 1601 - [6,17,25,29,38,46,[20]]
Day 1602 - [3,7,29,33,37,46,[43]]
Day 1603 - [1,2,3,18,29,32,[14]]
Day 1604 - [8,19,26,31,46,49,[4]]
Day 1605 - [8,24,32,34,36,52,[26]]
Day 1606 - [1,16,36,40,42,50,[6]]
Day 1607 - [16,32,35,38,43,46,[50]]
Day 1608 - [5,8,17,18,29,35,[50]]
Day 1609 - [10,13,27,30,38,39,[16]]
Day 1610 - [1,28,32,39,41,48,[4]]
Day 1611 - [16,17,18,41,45,46,[5]]
Day 1612 - [1,13,18,20,47,50,[27]]
Day 1613 - [8,11,26,35,44,45,[41]]
Day 1614 - [8,14,29,30,49,52,[23]]
Day 1615 - [1,8,12,13,31,35,[49]]
Day 1616 - [5,6,7,15,30,34,[2]]
Day 1617 - [8,10,27,44,45,48,[26]]
Day 1618 - [2,8,11,13,36,46,[30]]
Day 1619 - [5,8,15,17,40,52,[4]]
Day 1620 - [12,16,20,22,27,52,[21]]
Day 1621 - [6,27,29,34,47,50,[15]]
Day 1622 - [6,16,25,30,50,51,[35]]
Day 1623 - [3,5,18,26,31,49,[22]]
Day 1624 - [4,15,38,39,41,51,[33]]
Day 1625 - [2,4,19,34,38,50,[49]]
Day 1626 - [2,15,17,22,23,50,[19]]
Day 1627 - [2,14,16,19,41,43,[45]]
Day 1628 - [10,14,22,31,32,49,[39]]
Day 1629 - [3,11,17,28,44,52,[48]]
Day 1630 - [8,25,29,36,46,51,[20]]
Day 1631 - [17,25,26,30,44,48,[38]]
Day 1632 - [3,12,28,39,41,50,[42]]
Day 1633 - [19,26,28,35,37,46,[3]]
Day 1634 - [12,20,21,22,28,33,[42]]
Day 1635 - [12,18,23,27,38,52,[48]]
Day 1636 - [4,5,14,21,34,52,[46]]
Day 1637 - [16,23,32,42,49,58,[55]]
Day 1638 - [7,12,14,32,37,52,[5]]
Day 1639 - [5,12,14,20,28,30,[16]]
Day 1640 - [4,8,36,41,43,57,[45]]
Day 1641 - [7,11,29,35,46,56,[26]]
Day 1642 - [23,24,27,33,36,58,[18]]
Day 1643 - [16,17,20,27,49,51,[57]]
Day 1644 - [5,27,33,37,41,58,[18]]
Day 1645 - [8,17,31,40,44,53,[48]]
Day 1646 - [7,27,39,45,48,56,[36]]
Day 1647 - [2,10,22,43,45,53,[6]]
Day 1648 - [1,12,21,24,49,56,[44]]
Day 1649 - [9,13,33,51,55,58,[19]]
Day 1650 - [9,10,19,38,52,55,[7]]
Day 1651 - [9,16,20,39,44,56,[47]]
Day 1652 - [13,31,33,43,46,53,[20]]
Day 1653 - [14,19,21,26,56,58,[37]]
Day 1654 - [4,5,6,15,39,50,[28]]
Day 1655 - [4,8,25,32,33,36,[22]]
Day 1656 - [8,18,22,46,54,58,[51]]
Day 1657 - [1,8,29,32,42,53,[45]]
Day 1658 - [4,6,13,15,29,35,[20]]
Day 1659 - [10,13,14,22,32,48,[57]]
Day 1660 - [9,18,30,53,54,58,[8]]
Day 1661 - [1,6,12,26,40,54,[38]]
Day 1662 - [5,40,47,49,53,54,[29]]
Day 1663 - [7,12,20,39,43,56,[34]]
Day 1664 - [8,11,24,32,43,45,[41]]
Day 1665 - [4,5,10,16,22,45,[25]]
=== 2026 ===
Day 1666 - [1,24,33,34,45,55,[37]]
Day 1667 - [4,6,29,44,49,57,[2]]
Day 1668 - [7,18,29,36,51,58,[40]]
Day 1669 - [16,34,36,43,56,57,[55]]
Day 1670 - [24,32,38,49,55,58,[51]]
Day 1671 - [9,18,32,35,54,56,[2]]
Day 1672 - [7,23,28,37,50,58,[19]]
Day 1673 - [9,18,19,36,37,49,[50]]
Day 1674 - [15,32,36,39,40,48,[28]]
Day 1675 - [3,17,20,26,51,53,[22]]
Day 1676 - [1,3,12,21,48,51,[30]]
Day 1677 - [14,16,22,24,29,35,[3]]
Day 1678 - [6,10,18,32,37,46,[53]]
Day 1679 - [6,13,22,36,50,56,[28]]
Day 1680 - [2,8,39,43,45,55,[6]]
Day 1681 - [7,11,12,32,38,55,[20]]
Day 1682 - [2,7,15,33,38,48,[5]]
Day 1683 - [1,10,11,17,37,57,[25]]
Day 1684 - [4,13,14,20,22,47,[29]]
Day 1685 - [2,5,49,54,56,58,[46]]
Day 1686 - [12,22,30,32,42,58,[57]]
Day 1687 - [4,24,26,45,46,49,[5]]
Day 1688 - [3,7,16,22,42,53,[9]]
Day 1689 - [1,12,19,28,31,52,[38]]
Day 1690 - [6,12,26,40,41,55,[17]]
Day 1691 - [14,18,27,29,52,56,[10]]
Day 1692 - [11,13,15,30,39,48,[8]]
Day 1693 - [2,23,40,43,48,53,[55]]
Day 1694 - [15,41,43,45,57,58,[1]]
Day 1695 - [1,2,10,22,27,54,[55]]
Day 1696 - [23,25,31,48,52,53,[8]]
Day 1697 - [10,12,23,26,27,37,[5]]
Day 1698 - [9,22,26,30,50,54,[42]]
Day 1699 - [3,9,15,32,36,49,[40]]
Day 1700 - [7,28,32,40,44,49,[37]]
Day 1701 - [6,8,23,40,42,44,[10]]
Day 1702 - [18,21,24,45,52,56,[53]]
Day 1703 - [1,22,37,40,51,58,[43]]
Day 1704 - [34,40,42,45,56,58,[52]]
Day 1705 - [1,4,12,13,24,58,[53]]
Day 1706 - [33,39,45,47,49,53,[34]]
Day 1707 - [8,17,29,35,38,56,[50]]
Day 1708 - [21,35,39,46,51,56,[4]]
Day 1709 - [5,8,19,30,44,46,[13]]
Day 1710 - [8,16,20,40,50,51,[22]]
Day 1711 - [15,16,17,18,25,33,[3]]
Day 1712 - [4,7,19,26,49,50,[46]]
Day 1713 - [8,34,36,42,51,52,[18]]
Day 1714 - [1,19,20,22,47,50,[32]]
Day 1715 - [12,23,42,46,48,51,[18]]
Day 1716 - [2,10,21,37,42,43,[34]]
Day 1717 - [5,10,20,23,43,52,[28]]
Day 1718 - [19,24,26,30,32,44,[8]]
Day 1719 - [11,13,21,22,29,36,[47]]
Day 1720 - [8,14,20,33,34,47,[42]]
Day 1721 - [23,39,47,48,49,51,[21]]
Day 1722 - [10,25,40,41,47,48,[49]]
Day 1723 - [2,4,28,32,34,35,[23]]
Day 1724 - [9,13,26,28,29,43,[5]]
Day 1725 - [4,15,22,24,41,52,[48]]
Day 1726 - [9,11,12,24,39,41,[16]]
Day 1727 - [17,23,29,31,33,40,[3]]
Day 1728 - [7,10,13,18,24,42,[30]]
